	mgm4472467.3	mgm4472473.3	mgm4472580.3	mgm4472586.3	mgm4472464.3	mgm4472361.3	mgm4472337.3	mgm4472934.3	mgm4473326.3	mgm4472682.3	mgm4472444.3	mgm4478571.3	mgm4473472.3	mgm4473666.3	mgm4472397.3	mgm4472751.3	mgm4472312.3	mgm4472462.3	mgm4472428.3	mgm4472353.3	mgm4472419.3	mgm4472160.3	mgm4472484.3	mgm4472305.3	mgm4472495.3	mgm4478487.3	mgm4472255.3	mgm4472253.3	mgm4472304.3	mgm4472167.3
Glycolysis_and_Gluconeogenesis,_including_Archaeal_enzymes	0	0	0	0	0	0	0	0	0	0	0.164367196983705	0.182743124502577	0.185002130379207	0.206717527795419	0.205317104935245	0.207741717648383	0.262510953364793	0.257766237107186	0.494053428302691	0.300761309097925	0.339949031682356	0.30166973494867	0.312202651317217	0.319579390791938	0.298770811393107	0.25819392078205	0.271058195528615	0.242993464157375	0.269624008167793	0.274759427932889
Branched-Chain_Amino_Acid_Biosynthesis	0	0	0	0	0	0	0	0	0	0	0.177614136070938	0.1584921738711	0.151298727399892	0.203604762402425	0.232102000948622	0.233610148644195	0.23274834996101	0.256021737907083	0.428904020387327	0.291615952922639	0.368621524065246	0.293172335619136	0.327129776269987	0.323933403542057	0.298936418229615	0.250172440128305	0.268252526308173	0.280756646381169	0.278307916167568	0.297339839699014
Purine_conversions	0	0	0	0	0	0	0	0	0	0	0.170735824939103	0.153774790780683	0.155717053484577	0.17097860777709	0.194748816232686	0.224609497471682	0.234647201164071	0.222565941265847	0.398015933628639	0.273693434412457	0.311659203640135	0.321643848831507	0.374380783175632	0.365692051675764	0.307252132388999	0.272302658552468	0.275439541445925	0.287372880674647	0.307755384231978	0.310760424789575
Heat_shock_dnaK_gene_cluster_extended	0	0	0	0	0	0	0	0	0	0	0.128914471304194	0.148866075519933	0.150361360548593	0.166610124526694	0.148460901512167	0.154940469969692	0.174970858020275	0.175626854032848	0.350232733879461	0.234230772322756	0.279635986526356	0.288102837021971	0.336217250444164	0.332343979869926	0.255486329396821	0.257312828098496	0.260716611330402	0.286429082489891	0.2939408799672	0.297466858534781
Cell_division-ribosomal_stress_proteins_cluster	0	0	0	0	0	0	0	0	0	0	0	0.151440216735937	0.153654203278372	0.175459639362976	0.224403694801071	0.202004968205095	0.203862015740689	0.206584077626195	0.383407159681971	0.240443440441833	0.307641228063124	0.274820525600727	0.284187762780265	0.28483250395929	0.251322040983672	0.231714513107862	0.242630093817077	0.239980384432957	0.250146714794479	0.258206783448963
Calvin-Benson_cycle	0.133664011061894	0	0	0	0	0	0	0	0	0	0.1439252035919	0.138670804157857	0.141323729208705	0.1810243506363	0.199610904325876	0.192029970013908	0.215242260292143	0.220255484721563	0.415079869122364	0.232632585958791	0.304615285671793	0.252881639346898	0.259849989147125	0.265049722246786	0.233222660803434	0.213391644090007	0.228371827543793	0.211523341720864	0.232994348465725	0.239745640761791
Proteolysis_in_bacteria,_ATP-dependent	0.140325264689568	0.182257558826603	0	0	0	0	0	0	0	0	0.157469591851501	0.186582630576167	0.178313543584343	0.2221061009237	0.277031296476433	0.21916537370067	0.269095030990988	0.267475942793289	0.492897396113867	0.258457605453771	0.401688225032358	0.278201799165535	0.290654468570877	0.299129358233313	0.258168195448224	0.24585058404547	0.255930091405327	0.249505189282183	0.261562331679945	0.270455258017059
TCA_Cycle	0	0	0	0	0	0	0	0	0	0	0.153453224107853	0.170993078277367	0.173303534821651	0.229981268741308	0.236185897693563	0.294447347476907	0.377268451897645	0.346193856468716	0.682417538246336	0.272982772065503	0.389332025628864	0.258037960945728	0.206826860464182	0.275769147285575	0.208518301163267	0.233111720301308	0.223011311107717	0.255500799897099	0.212155220232975	0.257685845438979
Glycolysis_and_Gluconeogenesis	0.287035235668175	0	0	0	0	0	0	0	0	0	0.221792573417691	0.237968984894406	0.241567315963374	0.28556889164007	0.291570933588443	0.27549581561367	0.342531212065182	0.330036738992371	0.639366192087852	0.390264568980071	0.46288557853864	0.405411967103729	0.409585902517063	0.419387254704922	0.377175197562525	0.347057262985264	0.358447154536904	0.319563312458297	0.351290688233072	0.365389779003304
De_Novo_Purine_Biosynthesis	0	0	0	0	0	0	0	0	0	0	0.227046972851734	0.225818588161523	0.229744917236778	0.270693217354953	0.293585548793723	0.298532852055213	0.334262125073357	0.338201316815525	0.623485621950141	0.347557299161515	0.421197675072955	0.393827527715028	0.41087860054184	0.413891680266257	0.363328536630464	0.338095199813491	0.350150734377889	0.350679711554694	0.344097241761864	0.391017034994493
Methionine_Biosynthesis	0	0	0	0	0	0	0	0	0	0	0.198678360974669	0.220541679060382	0.221863318085714	0.186183887901858	0.120404209307747	0.312117436148918	0.215623316799447	0.260842022332805	0.474103431920316	0	0.29714850752868	0.410796601040268	0.463007773874316	0.433688932479038	0.405399104436816	0.340767418864709	0.335643253933162	0.397636484954699	0.402347436711659	0.407884814817792
tRNA_modification_Bacteria	0	0	0	0	0	0	0	0	0	0	0.320391346640834	0.3429878367406	0.354456512127083	0.313722053846339	0.33336816972289	0.446107837383734	0.374427410343192	0.436732561037374	0.823710718621122	0.552348642586682	0.575618814866027	0.659277600469487	0.742523172898361	0.736363563280302	0.515260750375831	0.564415431984629	0.521034479986494	0.647680298413872	0.662810010370525	0.696328512512963
Serine-glyoxylate_cycle	0	0	0	0	0	0	0	0	0	0	0.295495654830333	0.399498355990385	0.405727102443103	0.431629297939562	0.310988737127284	0.434846572501226	0.384990875545658	0.38986904197249	1	0.556311951829312	0.495323616660369	0.54593981879718	0.553083422434099	0.565478209838332	0.506216687702487	0.46532626958542	0.480285551205473	0.499946137582301	0.48772660401476	0.517330031915492
Universal_GTPases	0	0	0	0	0	0	0	0	0	0	0.374375959675539	0.43651389569985	0.44255774131569	0.456431735414942	0.504554188003955	0.443020797324565	0.513328134672123	0.511409989468691	0.953824633614972	0.596692686769943	0.825718902492946	0.634780651333296	0.650474712800765	0.656750086421043	0.602508220048074	0.535138394256819	0.573758551663706	0.529581722150316	0.571459349952971	0.587597173428946
Heme_and_Siroheme_Biosynthesis	0	0	0	0	0	0	0	0	0	0	0.104891833010427	0.0759733421228224	0.09363860729474	0.0975392110361682	0.0665337524418969	0.110231447612769	0.136607953951652	0.092760730277914	0.244049810677621	0.177176805395889	0.1394313093391	0.180331374456351	0.176757160887846	0.188130974105844	0.167578040211912	0.158559702872394	0.159868479230813	0.165248289667259	0.165307779501732	0.175556109364825
Queuosine-Archaeosine_Biosynthesis	0	0	0	0	0	0	0	0	0	0	0.0862522208198342	0.0877860938492335	0.0883986783609747	0.08764138884646	0.0893987507134761	0.112971195665281	0.10244471063019	0.101070013103842	0.230941145259705	0.151263355065881	0.140109815018771	0.156601361834859	0.166590830526324	0.165418720003859	0.119465234623084	0.135549999598042	0.1314661028531	0.139731974178196	0.139124213166547	0.149793795371048
HtrA_and_Sec_secretion	0	0	0	0	0	0	0	0	0	0	0.0777660763238498	0.103666663986944	0.106317981204428	0.112014534813612	0.089045027373363	0.107887226567839	0.135869958437508	0.121151851822077	0.243236246995361	0	0.137432772467461	0.163555241134809	0.173789100497624	0.173670120828677	0.124512223553151	0.137456889967924	0.115371690877957	0.138984331663866	0.167438158709231	0.158842681544485
CBSS-393121.3.peg.2760	0	0.111522537804182	0	0	0	0	0.0855351271394233	0	0	0	0.0764138884645995	0.0875754676785298	0.0931257084515761	0.100116567918901	0.124534733220249	0.115191613541173	0.12413599054594	0.112086887314999	0.220996695902437	0.135530705597672	0.185051973213496	0.162744893119277	0.182468184997307	0.174049569502617	0.143717793087924	0.13670763962023	0.137231793296943	0.158006608195127	0.160934472751244	0.167045847368379
Translation_termination_factors_bacterial	0	0.113403702840238	0	0	0	0	0	0	0	0	0.0787195215087908	0.0808917043837577	0.082415930412972	0.0918555200938975	0.11479930220032	0.127020443601225	0.112442218488476	0.122867410021625	0.227936104702109	0.149624972867812	0.168586151731235	0.158675466874613	0.164444372985184	0.18828854177553	0.135117492423085	0.15107684639564	0.131742650191734	0.157799197691151	0.159818636396524	0.171295350949828
Glycogen_metabolism_cluster	0.0994734345732408	0	0.0724682653889751	0	0	0	0	0	0	0	0.0924890064393726	0.0835237276008714	0.0846074072883086	0.107885618734474	0.137519595469126	0.124827358892524	0.103911054658295	0.108207185407304	0.233380228473121	0.117688578755698	0.201075640520616	0.181075801303953	0.203624056402794	0.203561350901593	0.169237324243715	0.149610502367535	0.162921754789334	0.132559429540722	0.176930806891174	0.172980360315457
Ribonucleotide_reduction	0.075572991615149	0	0	0	0	0	0	0	0	0	0.0976276418711965	0.119351078454229	0.121245106157198	0.117180503412626	0.149832383371787	0.123483210200095	0.134982434420497	0.133737971396644	0.243245893995546	0.138756019326157	0.22058348272785	0.172698989476731	0.17434541084162	0.165811031344711	0.16074314058091	0.140463538358884	0.148050904004309	0.153792476947689	0.14733059465717	0.14568417329228
Glycine_and_Serine_Utilization	0.128568787130902	0	0	0	0	0	0	0	0	0	0.0922397922679293	0.0757820099524885	0.07693321864122	0.104642618838984	0.0887138137003481	0.130422618999767	0.112840961162785	0.0856203423077232	0.212666511242775	0.173301926988287	0.129827720655031	0.172990007315642	0.185693498725792	0.198446832970231	0.142934778239583	0.16467911665635	0.135881213271057	0.154747529965994	0.156715518003714	0.175025524354656
At5g63420	0	0	0	0	0	0	0	0	0	0	0	0.0930276306163629	0	0.115402239711876	0.139006841330964	0.142024744555474	0.145039432113256	0.158230097032744	0.254344767708275	0.175511090030629	0.219424234872298	0.179612672942576	0.18740905692534	0.212734040244069	0.180173806786665	0.16811184088881	0.171288919616371	0.17609634137518	0.179537104774461	0.191357895667693
Transcription_factors_bacterial	0	0	0	0	0	0	0	0	0	0	0	0.101267776607632	0.101970399787766	0.0835816096019809	0.112439002821748	0.15677983133828	0.101748518783513	0.151686215240652	0.293077473450652	0.139325192337066	0.148284039842111	0.195371047744612	0.192825847529162	0.19582767242003	0.16418711964692	0.165560209339904	0.141974901721186	0.169169795242421	0.168857875569776	0.183759275188719
Fatty_Acid_Biosynthesis_FASII	0	0	0	0	0	0	0	0	0	0	0.0886318141987764	0.105678063525496	0.105928885530304	0.0902830590637586	0.0940630753028756	0.117630696754588	0.111376224968044	0.103115177143041	0.187626114429501	0.214796890450274	0.154332708958044	0.205350869435892	0.232885015796963	0.24301115032438	0.205535770272769	0.199530512657668	0.188965439621838	0.202643278050663	0.215375710461368	0.2113513035509
tRNA_aminoacylation,_Asp_and_Asn	0.0465692855592446	0.0570764765939658	0.0318141987764388	0.04182939280173	0.0521806240001286	0.0413438271257567	0.0491707599424396	0.0315119261039786	0.0423117428109751	0.0426879758181862	0.0904936852344623	0.0955840856653616	0.0971018803611194	0.104742304507561	0.10680676254713	0.0939730366344832	0.129321253145324	0.115172319540803	0.221541751412884	0.129747328986824	0.1624747771141	0.14313093391001	0.144473474769075	0.14592052479681	0.140289892355556	0.117389521749966	0.127724674614723	0.11379601418109	0.129482036481739	0.125632883407964
tRNA_aminoacylation,_Glu_and_Gln	0.040961162785089	0.0513960013184234	0.0305038145846564	0	0.048511548263138	0.0386362357405279	0	0.0307305190890016	0	0.0345282214951242	0.0774750584849386	0.0814576617279385	0.0816715035653705	0.0926176331085046	0.0917477952584994	0.0884855013626388	0.116304234229164	0.10434677749998	0.199363297987797	0.121881808169401	0.138593628156378	0.118613082940084	0.121328713492134	0.127563891278308	0.119815742296468	0.101074836603934	0.110171957778296	0.102447926296919	0.105985159698049	0.109995096108239
Leucine_Biosynthesis	0	0	0	0	0	0	0	0	0	0	0.07661165196839	0.0691915009928371	0.0699568296741726	0.0955487133313503	0.107546365894639	0.105284144351279	0.117796303591096	0.117900812759766	0.20101132718605	0.120923539484368	0.185051973213496	0.120663070479376	0.139230330168581	0.137304145798329	0.129305174811683	0.103546076484633	0.115501925380454	0.122751646019407	0.116821956572421	0.126568642425899
Pentose_phosphate_pathway	0	0	0	0	0	0	0	0	0	0	0.116524507400053	0.111057873961943	0.113141626001881	0.127055815935236	0.136706031786866	0.1705251987684	0.134440594576778	0.168820895402401	0.328272945791898	0.174189451005298	0.22111406773802	0.199495140323657	0.203644958236528	0.221345595742457	0.184273781865247	0.170584688602873	0.180640078462268	0.17421356850576	0.195456262912912	0.200641525512296
Protein_chaperones	0	0	0	0	0	0	0	0	0	0	0.0901126287271587	0.120621266811908	0.122368981678739	0.14887250685339	0.147050831651808	0.137450458634467	0.156641557668963	0.15022469471264	0.335418157262181	0.162158033941362	0.237046088543383	0.208312498492656	0.207777089982394	0.216229469977732	0.163339791464013	0.1818765023193	0.171052568111841	0.167661647546848	0.186857570081437	0.192920709697647
tRNAmodification_position_34	0	0	0	0	0	0	0	0	0	0	0.128600943798185	0.13506121825534	0.137617673304339	0.121362477992781	0.134307144407554	0.1363860729474	0.135291138426413	0.173002869982555	0.313400487173509	0.199052986148516	0.24122484745681	0.228511709046474	0.247302457573297	0.238071886229711	0.197991816128176	0.190991309660667	0.19419250588869	0.200307096172553	0.212655256409226	0.217797107507778
Macromolecular_synthesis_operon	0	0	0	0	0	0	0	0	0	0	0.123714738204532	0.115450474712801	0.115857256553931	0.114944007203093	0.153493419941957	0.179215538101631	0.154385767459061	0.160529298743478	0.258066901946282	0.189369005796239	0.214230933106093	0.203299274063236	0.189774179804005	0.200678505679671	0.183717471521252	0.176406653214461	0.180414981791287	0.183291395679752	0.154454904293719	0.18494103271137
Entner-Doudoroff_Pathway	0	0	0	0	0	0	0	0	0	0	0.133953421067441	0.152546406090473	0.153935574117099	0.164113159312169	0.161617801931008	0.173192594319525	0.197138056611813	0.184907268210723	0.361145098921948	0.221815083084789	0.290726821072264	0.221792573417691	0.229416919230491	0.245009687196019	0.21122750038186	0.193351609039239	0.196557628767355	0.182741516669212	0.203833074740134	0.21090593370903
Pyruvate_metabolism_I:_anaplerotic_reactions,_PEP	0.141134004871735	0	0	0	0	0	0	0	0	0	0.113379585339775	0.109638157101398	0.112223553150951	0.14802035517039	0.0688490324862731	0.137873318809239	0.158313704367679	0.155049802638455	0.315296122709842	0.220359993890233	0.202643278050663	0.218691062858245	0.237152205545417	0.229129117058308	0.214325795274578	0.188561873447436	0.212790314411814	0.201974419371176	0.197940365460524	0.21377270059731
Glycogen_metabolism	0.116182038893489	0	0.0863840631556945	0	0	0	0	0	0	0	0.120261112138338	0.107044721885024	0.108089813571721	0.128068750954651	0.163762651638784	0.161749644266868	0.122563529515801	0.131120418679808	0.276325457629571	0.141296396041514	0.232211333617384	0.222155943757989	0.246119092217283	0.244186476513574	0.205793023611033	0.180699568296742	0.196416139431309	0.169988182424774	0.219565724208343	0.213309644588435
Iojap	0	0	0	0	0	0	0	0	0	0	0.128461062295504	0.138272061483548	0.145488017621854	0.132003119196726	0.122217845342509	0.172234325634491	0.150682927221423	0.132921192047656	0.2755617367816	0.19068260565475	0.215832335136786	0.250537418301967	0.293276844787806	0.314755890699488	0.227219011021698	0.208010225820196	0.205006793095964	0.267942214468892	0.283391885265011	0.292189949433641
pyrimidine_conversions	0	0	0	0	0	0	0	0	0	0	0.126113625583844	0.128895177303824	0.129892033989597	0.111024109461295	0.104414306501274	0.16979685025444	0.111713869974516	0.145965544131006	0.34962818853454	0.192531614023523	0.191531541671021	0.233960656317579	0.28792436751855	0.286260259986655	0.192927141031104	0.194158741388043	0.199623766992789	0.211021697711249	0.279031441181436	0.236261465861678
De_Novo_Pyrimidine_Synthesis	0	0	0	0	0	0	0	0	0	0	0.130168581328231	0.141462002878022	0.14191862755344	0.138220610815895	0.161949015604023	0.198491852304427	0.172268090135138	0.139038997998247	0.323928580041964	0	0.23493339550289	0.255439702229261	0.251378315151418	0.246564462059152	0.190978446993754	0.218901689028949	0.22034713122332	0.211524949554228	0.197848718958767	0.222844096437845
Sialic_Acid_Metabolism	0	0	0	0	0	0	0	0	0	0	0.151078454229004	0.174821329517409	0.170832294940952	0	0.102792002636847	0.208105087988681	0.176737866887476	0.196644451769019	0	0.209098729007726	0	0.282895064755489	0.296945920524797	0.291252582582341	0.26249809069788	0.224633614972144	0.24247252614739	0.260901512167279	0.288998400205803	0.279972023699464
Fermentations:_Mixed_acid	0	0	0	0	0	0	0	0	0	0	0.159707695894398	0.111987201646421	0.132815075045622	0	0	0	0	0.115408671045333	0	0.236084604191622	0	0.269186677492745	0.263051185375148	0.280790410881816	0.236689149536542	0.22658070117613	0.232944505631436	0.230849498757949	0.242951660489907	0.242671897484545
5-FCL-like_protein	0	0	0	0	0	0	0	0	0	0	0.19719111511283	0.199028868648053	0.203468096566472	0.242745857819296	0.243644636669856	0.313574133176838	0.338101631146948	0.318556808772339	0	0.330078542659839	0	0.366442909856822	0.384342918699906	0.394785796400061	0.325501041072103	0.337032421959788	0.309901841773119	0.319957231632514	0.341798040051129	0.354676785297972
CBSS-312309.3.peg.1965	0	0	0	0	0	0	0	0	0	0	0.0594415994726307	0.0760601651244865	0.0518027831595533	0.0590653664654195	0.072135443882596	0.0871944111712262	0.0960825140082482	0.0889855375388895	0.167708274714409	0.0903586272318737	0.103370822647941	0.0957609473354182	0.110755601289482	0.111151128297063	0.0953911456616636	0.0818773062359817	0.0890530665401838	0.0967176081870875	0.0970102338593628	0.103287215313005
CBSS-176299.4.peg.1996B	0	0	0	0	0	0	0	0	0	0	0.059306541470042	0.0684117018112243	0.0473137124068462	0.0529636388484697	0.0678489601337717	0.0872362148386941	0.0943074659742264	0.0838645882740713	0.161728742433134	0.105840454695275	0.0915854040887202	0.112717157993746	0.113842641348651	0.112479198655851	0.087942053685556	0.0968398035227629	0.0825783215827512	0.0960616121745142	0.0965166290165687	0.104414306501274
Polyadenylation_bacterial	0	0	0	0	0	0	0	0	0	0	0.0615398220128466	0.0685853478145525	0.0698474970054104	0.0783239945012099	0.0609819038354865	0.0814833870617649	0.0585299579551575	0.0923378701031425	0.179882788947753	0.0948300118175752	0.103431920315778	0.102907766639066	0.110247525946411	0.112381120820638	0.0999348827487519	0.0878552306838919	0.0942479761397529	0.092439163605084	0.0958895740045502	0.103407802815316
Na(+)-translocating_NADH-quinone_oxidoreductase_and_rnf-like_group_of_electron_transport_complexes	0	0	0	0	0	0	0	0	0	0	0.0412055534564398	0.0387632545762957	0.0402488926047704	0.0610510406701449	0.06234695436165	0.0811923692228537	0.0754524041128377	0.0876751533471071	0.184431349534934	0.0796906528607375	0.0811441342219292	0.077799840824497	0.109249061427274	0.135683449767266	0.0834642377663979	0.0761791447934336	0.0615591160132164	0.090019374392038	0.116448939231938	0.114398951692647
Nitrate_and_nitrite_ammonification	0.0143193639411211	0	0.0091582188421992	0.00391668207506974	0.00974347018674985	0.0147792042832681	0	0.0180849096799608	0	0	0.0439485171756799	0.0542708073735238	0.0567082827535754	0.0738333159151386	0.0855061861388686	0.0932479037872515	0.0693780096630785	0.111845712310376	0.153065736267093	0.081623268564446	0.132982289715494	0.0729892033989597	0.10934070792903	0.103745447821788	0.0920146955969483	0.0638502785571303	0.0779445458272705	0.108165381739836	0.094709424315264	0.104322659999518
CBSS-326442.4.peg.1852	0	0	0	0	0	0	0	0	0	0	0.0577324726065391	0.0496064827841243	0.0565667934175302	0.0503283999646277	0.0577324726065391	0.0616861348489843	0.0542450820396974	0.0688313463192675	0.143401049915187	0.0797999855294997	0.0924134382712576	0.0940968398035228	0.108075343071444	0.107078486385671	0.0903216470644982	0.0790603821819907	0.0886302063654123	0.0961886310102821	0.1056330441913	0.109115611258049
Acetoin,_butanediol_metabolism	0	0	0	0	0	0	0	0	0	0	0.0548849997186292	0.0572260050968318	0.0495968357839393	0.056703459253483	0.0711353715300946	0.0630238522079572	0.0672186894550249	0.0683522119767507	0.108469262245661	0.0862490051531059	0.104771245508116	0.100819191099034	0.126446447090224	0.108388870577453	0.0866011206598548	0.0855737151401629	0.0781149761638704	0.0809126062174916	0.0984653230539187	0.0943219364745038
Rhamnose_containing_glycans	0	0	0	0	0	0	0	0	0	0	0.0653407400856975	0.0724264617215072	0.0732625350708653	0.0466721868945503	0.0575314934360203	0.0743671165920364	0.0703925525158573	0.0519249784952288	0.13234558770329	0.0969957633590855	0.0778770168259762	0.111310303800114	0.133126994718267	0.117296267414845	0.109752313270253	0.0966549026858856	0.0968607053564969	0.0913490525841902	0.0952303623252486	0.09590886800492
MLST	0	0	0	0	0	0	0	0	0	0	0.0476899454140573	0.0122822390687429	0.0367663255380212	0.0187714545264529	0.0293091943950929	0.0753736202779944	0.0426670739844522	0.0494553464478941	0.14439790660096	0.0768978463072087	0.0403646566069892	0.117640343754773	0.128774589801513	0.121251537490654	0.0955856934987258	0.0984701465540111	0.0858583016456174	0.0970343513598251	0.118600220273171	0.107509385727263
YrdC-YciO-Sua5_protein_family	0	0	0	0	0	0	0	0	0	0	0.0673762571247116	0.0731258692349125	0.0743381755914817	0.0628678923716346	0.0630897733758873	0.0870593531686376	0.0749797011037776	0.101946282287304	0.146213150469085	0.113742955680073	0.0956709086670258	0.127753615615278	0.12912992097499	0.140931417867852	0.107853462067191	0.124711594890306	0.102619964466883	0.110734699455748	0.125509080238924	0.130329364664646
Pyridoxin_(Vitamin_B6)_Biosynthesis	0	0	0	0	0	0	0	0	0	0	0.0626331487004687	0.0584141939529387	0.0599352043154247	0.0706514136874854	0.0418454711353715	0.0898280422217041	0.0464438745568409	0.0705838846861911	0.139453819006198	0.114966516870192	0.125991430248169	0.122788626186782	0.144833629442645	0.156199403493822	0.100815975432306	0.104920774010982	0.104890225177063	0.123499288533736	0.132165510366506	0.133286170221318
Zinc_regulated_enzymes	0	0	0	0	0	0	0	0	0	0	0.0516227058227685	0.0582678811168011	0.05958469664204	0.0588627794615366	0.0495405616161941	0.0879758181862032	0.084396781117605	0.0758013039528583	0.16324975279562	0	0.106396765039271	0.123069997025508	0.127033306268138	0.121336752658954	0.0775892146537933	0.118966806280197	0.0978414837086284	0.10053460459358	0.0907814874066452	0.111051442628486
At5g04520_AT1G06240	0	0	0	0	0	0	0	0	0	0	0.0577453352734523	0.0543415520415464	0.0522561921682437	0.0604657893255943	0.0691705991591031	0.0879581320191975	0.0728155573956315	0.0663408124381989	0.132950133048211	0	0.0969539596916176	0.105015636179466	0.112419708821378	0.121426791327347	0.0996904920774011	0.0903634507319661	0.101105385437853	0.10162310778111	0.105012420512738	0.111274931466103
RNA_modification_and_chromosome_partitioning_cluster	0	0	0	0	0	0	0	0	0	0	0.059702068477623	0.0599014398147776	0.0706417666873005	0.0418117066347244	0.0499023241231279	0.0528253651791528	0.0471561447371594	0.0733799069064482	0.129948308157343	0	0.103092667475943	0.103094275309307	0.116373371063823	0.114448794526935	0.0873937825083808	0.099036103898192	0.0847054851235218	0.0917992459261522	0.0970713315272005	0.103124824143226
CBSS-257314.1.peg.488	0	0	0	0	0	0	0	0	0	0	0.0460933668834562	0.0519040766614948	0.0516966661575194	0.0570957705943356	0.0701063581770385	0.0552146055582799	0.0650738397472486	0.0649789775787637	0.123904462541502	0.0680226061371	0.0995297087409861	0.0758527546205111	0.0766872201365051	0.080616764878488	0.0730808499007163	0.0652667797509466	0.0683329179763809	0.0731644572356521	0.0789832061805115	0.0810524877201727
Stringent_Response,_(p)ppGpp_metabolism	0	0	0	0	0	0	0	0	0	0	0.0449630600284587	0.0443086718492495	0.0447443946909342	0.0575507874363901	0.0658729329292312	0.0597937149793795	0.066319910604465	0.0662523816031707	0.128054280454374	0.0687027196501355	0.0939698209677549	0.073548729409684	0.0736403759114405	0.0803884525407787	0.0703555723484818	0.0619273098536068	0.0645512939038998	0.0679904494698169	0.0682525263081734	0.0731580259021955
Ribosomal_protein_S12p_Asp_methylthiotransferase	0	0	0	0	0	0	0	0	0	0	0.0351231198398598	0.0577244334397183	0.0588788577951781	0.0639949835599039	0.0629080882057384	0.0500598917928146	0.0728364592293655	0.0762852617954675	0.131046458345057	0.0747578200995249	0.108322949409523	0.0721531300496017	0.0722512078848148	0.0754250709456472	0.0683666824770281	0.0592663456359383	0.0645287842368017	0.0630367148748704	0.0647120772403148	0.0645947054047318
tRNA_aminoacylation,_Ile	0	0	0	0	0	0	0	0.0317289836081389	0	0	0.0502914197972522	0.0621507986912236	0.0644741179024206	0.0699777315079065	0.0845607801207483	0.0602648101550755	0.0843839184506918	0.0764910644660787	0.148321020009486	0.0807405680475276	0.131451632352823	0.0834160027654734	0.0868326486642924	0.0873857433415601	0.0766020049682051	0.0712414885321285	0.0742063332556214	0.0685001326462525	0.0733766912397199	0.0785458755054626
Arginine_Biosynthesis_extended	0	0	0	0	0	0	0	0	0	0	0.0453457243691264	0.0497592269537185	0.0509120434758142	0.063557652884855	0.0684036626444035	0.074490919761076	0.0789188928459454	0.0821876180752627	0.126933620599561	0.0753446792774397	0.114738204532482	0.0659340305970689	0.0909165454092338	0.0861364568176154	0.0767177689704239	0.0838115297730543	0.0748832311019286	0.0831796512609433	0.0699986333416405	0.0747529965994324
Cysteine_Biosynthesis	0	0	0	0	0	0	0	0	0	0	0.0474037510752386	0.0363579358635271	0.0385461970721354	0.0464422667234768	0.0367647177046571	0.0809640568851444	0.0858518703121608	0.0648953702438279	0.151718371907935	0.0750713476055342	0.0861203784839739	0.0750713476055342	0.0578546679422145	0.0776020773207065	0.0691802461592881	0.067562765794953	0.0625463256988046	0.0777660763238498	0.0560844434082852	0.0730535167335257
A_Gammaproteobacteria_Cluster_Relating_to_Translation	0.0344896334943846	0.0452363917003642	0	0	0	0.0326679582928025	0.036303269529146	0	0	0	0.0498798144560298	0.0616395076814239	0.0626910307015781	0.064371216567115	0.0778014486578611	0.0605333183268886	0.0777725076573064	0.0724907750560732	0.136251014944811	0.0819625214042817	0.113628799511219	0.0857489689768552	0.0929761799487101	0.094612954313415	0.0826426349173172	0.0747819375999871	0.0794896736902187	0.0785346206719136	0.0940486048025983	0.0851797959659461
tRNA_aminoacylation,_Leu	0	0.0515519611547459	0.0323287054529669	0	0	0.0347324163323713	0	0.0315682002717238	0	0	0.0464277962231994	0.0592132871349213	0.0599094789815983	0.0653745045863447	0.0768881993070238	0.0568047527554244	0.0742208037558987	0.0695050284988464	0.133038563883239	0.0778898794928894	0.119090609449237	0.0819802075712873	0.0876060165124486	0.0854241866372969	0.0795523791914206	0.0691963244929295	0.0732368097370388	0.0680081356368226	0.0729683015652258	0.0782017991655345
At2g23840	0	0.0640223167270944	0	0	0	0	0	0.0386458827407128	0	0	0.0636830638872587	0.0746356247638495	0.0764846331326221	0.0806955487133313	0.0988608500614996	0.0753848751115434	0.0933861774565684	0.0864741018240869	0.171448095119422	0.103329018980473	0.140370284023764	0.102819335804037	0.105374183019672	0.106779429379939	0.0968285486892139	0.0897187095529419	0.0910033684108979	0.083036554091534	0.0895965142172665	0.0899711393911135
Beta-lactamase_cluster_in_Streptococcus	0.0364946016994799	0.0470114397343859	0.0298526420721756	0.0300391507424171	0.0350555908385655	0.0367775803715703	0.0369383637079853	0.0356520970166652	0.0281933580403727	0.0305150694182055	0.0490437411066717	0.0577260412730825	0.0585621146224405	0.0475404169111913	0.0501306364608372	0.0674389626259135	0.0517159601578892	0.0627955398702478	0.0996840607439445	0.0845511331205634	0.0849305817945028	0.102455965463739	0.113131979001696	0.106073590533077	0.0926674759427933	0.0827535754194435	0.0850736789639122	0.0812534668906914	0.103033177641469	0.0904518815669944
tRNA_aminoacylation,_Thr	0.02610799816707	0.0362148386941177	0.0193502745375469	0	0	0	0	0.0181347525142494	0	0	0.0353707261779389	0.045299097201566	0.0462380718862297	0.0502271064626862	0.0585235266217009	0.0426043684832504	0.0591730913008176	0.0531565788521678	0.104493090336118	0.0532498331872885	0.0904004308993416	0.0573337299322298	0.0583338022847312	0.0610220996695902	0.0570202024262205	0.0482559027582381	0.0523896423374681	0.0473908884083254	0.0541421807043918	0.0518172536598307
tRNA_aminoacylation,_Pro	0.0204596795588105	0.0281258290390784	0.015324259793715	0	0	0.0196621942101921	0	0.0142743446069249	0	0	0.0341584198213697	0.0348321020009486	0.0348240628341279	0.039890345764565	0.0498058541212789	0.0399417964322178	0.0471416742368821	0.0442025548472156	0.0862297111527361	0.0525584648407039	0.0716981132075472	0.0554975842303704	0.0589319162961951	0.0594223054722609	0.0536775168621524	0.0471561447371594	0.0510085134776632	0.0481320995891986	0.0509683176435594	0.0537305753631694
Conserved_gene_cluster_possibly_involved_in_RNA_metabolism	0	0	0	0	0	0	0	0.0249648286451592	0	0	0.0387359214091052	0.0408196734490437	0.040972417618638	0.0432137373282633	0.0523639170036417	0.043392206831684	0.049304210111664	0.0521130949988343	0.0923041056024954	0.0579720397777974	0.0773319613155293	0.0621491908578595	0.0694021271635408	0.0637280832214549	0.0618420946853068	0.0527674831780434	0.0598998319814134	0.0553705653946025	0.0550377438882234	0.0599352043154247
tRNA_aminoacylation,_Met	0.0303784035822527	0	0	0	0	0	0	0.0234389947825807	0	0	0.0344140653262696	0.0380509843959772	0.0385301187384939	0.042610799816707	0.0513783151514177	0.0387407449091976	0.0484408035951154	0.0482366087578683	0.0878246818499731	0.0510487093117669	0.0737513164135669	0.0559011504047721	0.0583997234526614	0.0572549460973865	0.0537064578627071	0.0465017565579503	0.0512496884822857	0.047943983085593	0.048286451592157	0.052463602672219
CBSS-257314.1.peg.676	0.0204854048926369	0.0202796022220257	0.0104332306999703	0.0137534065969403	0.0172922478314348	0.0143322266080343	0.0161715879766221	0	0.0153113971268018	0.0148949682854869	0.0208809319002179	0.0488347227693322	0.050246400463056	0.0313752602680258	0.0369689125419042	0.0374834192184322	0.0445016118529476	0.0357919785193463	0.062711932535312	0.0418840591361111	0.061908015853237	0.0589238771293743	0.0623373073614651	0.0440096148435176	0.0459695637144166	0.0491096622746019	0.0526083076749926	0.0458779172126601	0.0667234767788666	0.0498058541212789
tRNA_aminoacylation,_Gly	0.019843879380341	0.0259230973301927	0.015870923137526	0.0192682750359753	0.0237460909551334	0.0191573345338489	0.0226929601016151	0.0152615542925131	0.0199451728822825	0.0192103930348659	0.0465033643913145	0.0471143410696915	0.0486048025982587	0.0555538583981156	0.0666881044448553	0.0522095650006833	0.064093061395117	0.062861461038178	0.117021327909575	0.0708330988576344	0.0976453280382021	0.0752498171089548	0.0774429018176556	0.0791906166844868	0.0696127533342444	0.0638776117243209	0.0654066612536277	0.0639161997250605	0.0685869556479167	0.070722158355508
Redox-dependent_regulation_of_nucleus_processes	0.0336358739780209	0.0398163854298141	0.0235676214517127	0	0	0	0	0	0	0	0.0439999678433327	0.0376377712213906	0.038637843573892	0.0491241327748792	0.0399803844329574	0.0555554662314798	0.0646718814062111	0.055172801890812	0.108557693080689	0.0650127420794109	0.0904293718998963	0.0682364479745319	0.0659099130966067	0.06858052431446	0.063642868053155	0.0591859539677308	0.0627424813692309	0.0556037012324043	0.072617793891841	0.0618903296862313
Succinate_dehydrogenase	0.0339863816514056	0	0	0	0	0	0	0	0	0	0.0281467308728123	0.0411139069546832	0.0446254150219871	0.0561085609087474	0.0663568907718404	0.0537000265292505	0.0669566126166684	0.0750022107708757	0.126066998416284	0.0645689800709054	0.103240588145445	0.0505953003030766	0.059274384802759	0.0660224614320972	0.0544942962111407	0.0460997982169128	0.0489633494384642	0.0586151731234575	0.0551695862240837	0.0649130564108336
RuvABC_plus_a_hypothetical	0	0	0	0	0	0	0	0	0	0	0.0275100288606089	0.0348546116680467	0.0352839031762748	0.0374432233843284	0.0480919037550948	0.0320264327805066	0.0454003907035075	0.0417795499674414	0.0780956821635006	0.0548978623855424	0.0713459977007983	0.0560008360733494	0.0561391097426663	0.0560764042414644	0.0558673859041249	0.0475645344116536	0.0516307449895893	0.0469471263998199	0.0567179297537603	0.0513300801504932
CBSS-320372.3.peg.6046	0	0	0	0	0	0	0	0	0	0	0.0277190471979484	0.0319605116125765	0.0320376876140557	0.0378725148925565	0.0472654774059217	0.0369898143756381	0.0504682814673087	0.0410447701200248	0.0771309821450105	0.0497929914543657	0.0716096823725189	0.0457959177110884	0.0480999429219156	0.0494022879468772	0.0499971862916127	0.0395719947584632	0.0446479246890852	0.05326591152093	0.0533559501893224	0.0528301886792453
Peptide_methionine_sulfoxide_reductase	0	0	0	0	0	0	0	0	0	0	0.0374866348851605	0.0334622279746927	0.0343208109911489	0.0392134479182578	0.0483973920942833	0.0413550819593057	0.038166748398196	0.0373724787163058	0.0773142751485236	0.0350539830052013	0.0643358442331037	0.0550088028876687	0.0543704930421011	0.0540071227018032	0.044474278685757	0.0442942013489722	0.0470403807349406	0.0472204580717254	0.0513188253169441	0.0544203358763898
CBSS-243265.1.peg.198	0	0	0	0	0	0	0	0	0	0	0.0353530400109333	0.0271354036867619	0.027757635198688	0.0333866598065776	0.0443810243506363	0.0416959426325056	0.0394031722552275	0.0483105690926192	0.0817711892339478	0.0524780731724964	0.0587357606257687	0.0572758479311204	0.0614835478451013	0.0621717005249576	0.0532434018538319	0.0495405616161941	0.0507834168066822	0.0542434742063333	0.0546277463803651	0.0582373322828822
CBSS-393131.3.peg.612	0	0	0	0	0	0	0	0	0	0	0.0333319934721965	0.0259600774975682	0.0265855246762226	0.031013497761092	0.0408920259504305	0.0369013835406099	0.0360910355250782	0.0434983238337179	0.0728187730623598	0.0489922904390189	0.0554734667299081	0.0535472823596562	0.0582180382825124	0.0577662371071862	0.0499119711233128	0.0460756807164505	0.0477462195818025	0.0496177376176733	0.0511081991462405	0.0537273596964411
Putative_sugar_ABC_transporter_(ytf_cluster)	0.010227428029359	0	0	0	0	0	0	0	0	0	0.0339317153170245	0.0331519161354117	0.0337307361465058	0.0381169055639074	0.0474953975769951	0.044281338682059	0.0427555048194805	0.0500261272921674	0.0892878102113497	0.0413952777934095	0.0617070366827182	0.0518043909929175	0.0517690186589062	0.0578000016078334	0.0467686568963993	0.0431333456600558	0.0446302385220796	0.0556406813997797	0.0539974757016183	0.0578160799414749
Cluster_Ytf_and_putative_sugar_transporter	0.010227428029359	0	0	0	0	0	0	0	0	0	0.0339317153170245	0.0331519161354117	0.0337307361465058	0.0381169055639074	0.0474953975769951	0.044281338682059	0.0427555048194805	0.0500261272921674	0.0892878102113497	0.0413952777934095	0.0617070366827182	0.0518043909929175	0.0517690186589062	0.0578000016078334	0.0467686568963993	0.0431333456600558	0.0446302385220796	0.0556406813997797	0.0539974757016183	0.0578160799414749
Ribonucleotide_reductase_cluster	0.0138321904317836	0	0	0	0	0.0194563915395808	0	0	0	0	0.0361553488596442	0.0490807212740472	0.0502431847963277	0.0475275542442781	0.0534508123578072	0.0453280382021207	0.0466609320610012	0.0562227170776021	0.102579768632779	0.0723878737207676	0.0808515085496539	0.0761566351263355	0.069736556503284	0.0675708049617738	0.0672122581215683	0.0621202498573048	0.0564864017493227	0.0736339445779839	0.0645400390703507	0.0574929054352807
CBSS-262719.3.peg.410	0	0	0	0	0	0	0	0	0	0	0.0314363579358635	0.0434533044995217	0.0434967160003537	0.0401701087699271	0.0480806489215458	0.0397472485951556	0.0460531710493524	0.0470162632344784	0.0575089837689222	0.0632409097121174	0.0755778151152415	0.0640464342275567	0.0799607688659147	0.0643663930670225	0.0651767410825542	0.0532225000200979	0.0621926023586915	0.0684792308125186	0.070260710179997	0.0702703571801818
Ammonia_assimilation	0	0	0	0	0	0	0	0	0	0	0.0424548399803844	0.0531614023522602	0.0461271313841033	0.0409756332853663	0.0367566785378363	0.0754057769452774	0.0487205666004775	0.0596152454759589	0.0896463570515552	0.0834079635986526	0.0957513003352333	0.0658584624289539	0.0864162198229775	0.0862827696537531	0.0819078550699006	0.0579286282769654	0.0780860351633157	0.0848132099589199	0.0731499867353747	0.0890852232074668
Nucleoside_Catabolism_cluster	0	0	0	0	0	0	0	0	0	0	0.0362871911955045	0.0401299129358233	0.0456126247075753	0.0358868406878311	0.0243104404659501	0.0383227082345186	0.0266401910106037	0.0396652490935839	0.0740021384183743	0.0703378861814762	0.0600606153178285	0.082758398919536	0.0917960302594239	0.0835687469350676	0.0722190512175318	0.0678618228006849	0.0768126311389088	0.0883263258595879	0.0989090850624241	0.0793240668537113
CBSS-296591.1.peg.2330	0	0	0	0	0	0	0	0	0	0	0.0479423752522289	0.0607696698314187	0.0617408011833654	0.0262848598371265	0.034761357332926	0.0504891833010427	0.040629949112074	0.0372438520471738	0.0667427707792364	0.0753350322772548	0.0559992282399852	0.0797035155276507	0.0812534668906914	0.082062207072859	0.0785764243393815	0.067176885787557	0.0716273685395246	0.0686802099830374	0.0699327121737103	0.0702703571801818
Scaffold_proteins_for_[4Fe-4S]_cluster_assembly_(MRP_family)	0	0	0	0	0	0	0	0	0	0	0.0424162519796448	0.0476127694125781	0.0452974893682019	0.0526517191758246	0.0575893754371297	0.0553030363933082	0.0536807325288807	0.0671929641211985	0.103711683321141	0.0639917678931756	0	0.0696754588354463	0.0846202699552218	0.0851508549653914	0.0755488741146867	0.0580090199451729	0.0708990200255645	0.0788449325111945	0.0754925999469415	0.0814496225611178
Bacterial_signal_recognition_particle_(SRP)	0	0	0	0	0	0	0	0	0	0	0.0417747264673489	0.0422409981429525	0.0424869966476674	0.0513590211510479	0.0396089749258387	0.0510149448111198	0.0656108560908747	0.0589560337966573	0.113011391499385	0.0642249037309773	0	0.0703668271820309	0.0708540006913684	0.0726290487253901	0.06639547877258	0.0604448874918603	0.0627875007034271	0.0611410793385374	0.0607744933315111	0.0664742626074234
Formate_hydrogenase	0.00704391796834176	4.82350009245042e-06	1.44705002773513e-05	9.96856685773086e-05	0	0.000326390172922478	6.43133345660056e-05	8.84308350282577e-05	0	0	0.0290728428905628	0.0329863092989043	0.0331840728026947	0	0	0.0608516693329903	0	0.0617536638502786	0.0775249013192273	0.0556728380670627	0	0.0566793417530207	0.0765328681335466	0.083969097442741	0.0729875955655956	0.0465242662250484	0.070379689848944	0.122970311356931	0.0915532474214372	0.0957030653343088
Coenzyme_A_Biosynthesis	0	0	0	0	0	0	0	0	0	0	0.0260131359985851	0.0294860560651494	0.0289747650553497	0.0409097121174362	0.0279521830357502	0.0492817004445659	0.0286724923828894	0.0376088302208359	0.0781278388307836	0.0519603508292401	0.0524941515061379	0.0526710131761944	0.0632200078783835	0.0680724489713886	0.0547081380485726	0.0539122605333183	0.0510824738124141	0.0603146529893642	0.0716836427072698	0.0642409820646188
Deoxyribose_and_Deoxynucleoside_Catabolism	0	0	0	0	0	0	0	0	0	0	0.0285422578803933	0.0337001873125869	0.0341953999887452	0.0256272559911891	0.0116809093905508	0.0296822117355757	0.0151618686239358	0.0267270140122678	0.0507158878053878	0.0398517577638254	0.0430786793256747	0.057378749266426	0.0727624988946146	0.0688136601522618	0.0521404281660249	0.0459647402143242	0.0571150645947054	0.0719891310464583	0.078132662330876	0.063183027711008
Proline_Synthesis	0	0	0	0	0	0	0	0	0	0	0.0246271836386877	0	0.032608468458329	0.0195158813740544	0.0279135950350106	0.0388532932446881	0.0256176089910042	0.0291049995578458	0.0480066885867949	0.039451407256152	0.0383725510688072	0.0513445506507706	0.0575781206035806	0.0583884686191123	0.0574301999340788	0.0449019623606209	0.0532273235201904	0.0603677114903811	0.0492125636099075	0.0568095762555169
Serine_Biosynthesis	0.0405704592776005	0	0	0	0	0.0369367558746212	0	0	0	0	0.0283846902107066	0.025165807815678	0.0258957641630021	0.0287577075511894	0.0337982651478001	0.0435722841684688	0.0341519884879131	0.0331020733011231	0.0631380083768118	0.0482157069241344	0.0512705903160196	0.0473297907404877	0.0734233184072803	0.0730904969009012	0.0454630962047093	0.0544798257108633	0.0440160461769742	0.0673231986236946	0.0628084025371611	0.0669662596168533
Arginine_Deiminase_Pathway	0	0.0110136585444285	0.00774010981501877	0	0.00606313961621018	0.00966307851854234	0.00800540232010354	0	0	0.0052206349333955	0.0264456431735415	0.0174096196670177	0.0175543246697912	0.0364720920323818	0.0244197731347123	0	0.022766920436366	0.0516291371562251	0	0.0525263081734209	0.0377776527240717	0.0576906689390712	0.0691496973253692	0.0661462646011367	0.0699423591738952	0.0472140267382688	0.0554123690620704	0.0584302722865802	0.067348923957521	0.0628325200376233
Transcription_initiation,_bacterial_sigma_factors	0	0	0	0	0	0	0	0	0	0	0.0280872410383388	0	0	0.0423487229783505	0	0.0495646791166564	0.0540360637023579	0.0565973422514491	0	0.0485356657636003	0	0.0551760175575403	0.0561953839104115	0.0623630326952915	0.0587180744587631	0.0473137124068462	0.0535971251939449	0.0595943436422249	0.0560860512416493	0.0597535191452758
Mannose_Metabolism	0	0	0	0	0	0	0	0	0	0	0	0.0390333705814729	0	0.0159770401395599	0.0140846202699552	0	0.0215530062464326	0.0236801697872033	0	0	0.0225562942656623	0.0604223778247622	0.100368997757072	0.0646123915717375	0.0735567685765047	0.0495566399498356	0.0697960463377576	0.0770891784775426	0.0835558842681545	0.0899309435570098
Thioredoxin-disulfide_reductase	0	0	0	0	0	0	0	0	0	0	0	0.0155831209653432	0.0159834714730165	0.0120217700637506	0.00970488218601024	0	0.0132935662547934	0.0135058002588612	0	0	0.0210979894043781	0.0870690001688225	0.0906689390711547	0.0833613364310923	0.0396732882604047	0.0728911255637466	0.0770891784775426	0.0752803659428737	0.0727126560603259	0.0815750335635215
Ethanolamine_utilization	0.0312193004317033	0	0	0	0	0	0	0	0	0	0.0574591409346335	0.0447990610253153	0.0601635166531341	0	0	0	0	0.0162117838107259	0	0.0777483901568441	0	0.107120290053139	0.105432065020781	0.0986695178911658	0.0935694704600815	0.087834328850158	0.0869050011656792	0.0745504095955495	0.0870834706690999	0.0891977715429573
Threonine_anaerobic_catabolism_gene_cluster	0	0	0	0	0	0	0	0	0	0	0.0470596747353104	0	0.0434806376667122	0	0.00378805540593773	0.0586810942913876	0	0.00543608460419162	0	0.0726724602262222	0.00607278661639508	0.0780779959964949	0.0771422369785595	0.0836266289361771	0.0741886470886157	0.065860070262318	0.0693233433286974	0.0686175044818355	0.0721868945502488	0.0733139857385181
Fermentations:_Lactate	0	0	0	0	0	0	0	0	0	0	0.0705115321848044	0	0.0675161386273927	0	0	0.0789044223456681	0.0529218351810018	0.0146264601136738	0	0.101658480115121	0.0292529202273476	0.120936402151281	0.112654452492544	0.117619441921039	0.101357815276025	0.101304756775008	0.105568730856734	0.0973108986984589	0.0999075495815614	0.102078124623164
tRNA_aminoacylation,_Trp	0	0	0	0	0	0	0	0	0	0	0.0234229164489392	0.0237911102893296	0.0242798916320313	0.0273781865247486	0.0345893191629619	0.0265533680089396	0.0313543584342919	0.0309282825927921	0.0607439444975923	0.0318704729441841	0.0463200713878014	0.0368740503734193	0.0384497270702864	0.0367566785378363	0.0336889324790379	0.0310054585942713	0.032298156619048	0.0300214645754114	0.0318881591111897	0.0339349309837528
Flavohaemoglobin	0.000717093680410962	0	0	2.2509667098102e-05	0	0.00192296870352357	4.82350009245042e-06	0	0	0	0.0162953911456617	0.0209452452347839	0.0214468892443987	0.0263475653383283	0.0305070302513847	0.0260629788328738	0.030510245918113	0.0324878809560177	0.0606185334951886	0.0314797694366956	0.0411203382881398	0.0285422578803933	0.0280984958718878	0.0328898392970553	0.0227829987700075	0.0260034889984002	0.0221430810910757	0.0272238345217902	0.0277270863647692	0.0290246078896383
Carbon_Starvation	0.0116712623903659	0	0	0	0	0	0	0	0	0	0.0185769066893907	0.0148290471175567	0.0152776326261546	0.0202152888874597	0.0264183100063509	0.0308800475918676	0.0241978921304596	0.0287142960503573	0.0575105916022863	0.0364720920323818	0.0384577662371072	0.030981341093809	0.0319749821128538	0.0384513349036506	0.0313575741010202	0.0264987016745585	0.0274376763592221	0.0323560386201574	0.0362759363619554	0.0326004292915082
Unknown_carbohydrate_utilization_(_cluster_Ydj_)	0.00876912316807486	0.00769026698073012	0.00493444059457678	0.0069329774662154	0.00967433335209139	0.00581231761140275	0.00644419612351376	0.00890257333729932	0	0.0097708033539404	0.0235788762852618	0.0191557267004848	0.0196171748759959	0.0236673071202901	0.0281129663721652	0.0236126407859089	0.025273532651076	0.0243827929673369	0.0484697445956701	0.0265774855094018	0.0376586730551246	0.0365058565330289	0.0352195898417088	0.0360428005241537	0.030820557757394	0.0298365637385341	0.0308350282576714	0.0327901536284779	0.0334461496410512	0.0366859338698137
CBSS-251221.1.peg.1863	0	0	0	0	0	0	0	0	0	0	0.0219983760883022	0.0239422466255597	0.024030677460588	0.0279312812020162	0.0357196260179595	0.0296998979025814	0.0324927044561102	0.0346262993303374	0.0624562870304122	0.0338239904816265	0	0.0380091807285093	0.0360733493580725	0.0399401885988536	0.0340490871526075	0.0322434902846669	0.0318978061113746	0.0325843509578667	0.0354736275132445	0.0362357405278517
tRNA_aminoacylation,_Tyr	0	0.0228039006037414	0.0142872072738381	0	0.020700854563433	0.0167327218207105	0	0	0	0	0.024320087466135	0.0292513123939835	0.0303430312482414	0.0317112974411332	0.0384191782363676	0.0282592792083029	0.0354848823467936	0.0337034029793152	0.0657137574261804	0.0357968020194387	0.0539926522015258	0.0385317265718581	0.0394369367558746	0.0388372149110466	0.0361392705260027	0.0320344719473274	0.0352292368418937	0.0338915194829208	0.0326936836266289	0.0360749571914367
tRNA_aminoacylation,_Ser	0	0.0220723364230531	0.0125266297400937	0	0	0.0159191581384505	0	0	0	0	0.0255484721563457	0.0277640665321446	0.0277045766976711	0.030820557757394	0.0381201212306357	0.0280132807035879	0.0375766735535529	0.0333786206397569	0.064745841740962	0.0368949522071532	0.0541100240371088	0.0399112475982989	0.041347042792485	0.0403437547732553	0.0392070165848011	0.0334702671415135	0.0369062070407023	0.0337339518132341	0.035328922510471	0.0370267945430136
Sporulation-related_Hypotheticals	0	0	0	0	0	0	0	0	0	0	0.0282624948750312	0.0308687927583185	0.0309797332604449	0.0324460772885498	0.0395945044255613	0.0298156619048002	0.0407633992812985	0.0361617801931008	0.0671366899534532	0.0399128554316631	0.0597294016448135	0.0437989886728139	0.0474761035766253	0.0460628180495373	0.0437652241721668	0.0377551430569736	0.0410721032872153	0.0383966685692695	0.0392198792517143	0.0416911191324131
Flagellum	0	0	0	0	0	0	0	0	0	0	0.0226784896013377	0.0269746203503469	0.0275405776945277	0.03291878029761	0	0.0312193004317033	0.0385863929062392	0.0373049497150115	0.0693522843292521	0.0345989661631469	0.0565491072505246	0.0379947102282319	0.0367036200368194	0.0388758029117862	0.0392874082530087	0.0321180792822632	0.0359961733565933	0.0401749322700195	0.0346616716643487	0.0367293453706458
Transcription_factors_cyanobacterial_RpoD-like_sigma_factors	0	0	0	0	0	0	0	0	0	0	0.0226833131014302	0.0269874830172601	0.0275550481948051	0.0329219959643383	0	0.0312193004317033	0.0385944320730599	0.0373049497150115	0.0693587156627087	0.0346037896632393	0.0565571464173453	0.0380011415616885	0.0367116592036401	0.0388870577453353	0.0393099179201068	0.0321196871156273	0.0360009968566858	0.0370139318761004	0.034664887331077	0.0367341688707382
tRNA_aminoacylation,_Cys	0	0	0	0	0	0	0	0	0	0	0.0265967795097716	0.0264874468410094	0.0271563055204959	0.0288123738855705	0	0.0278605365339936	0.0334574044746003	0.0330056032992741	0.0631171065430779	0.0373017340482832	0.0525037985063228	0.0396990135942311	0.042450016480292	0.0409097121174362	0.0372486755472663	0.0335377961428078	0.0350781005056636	0.0325586256240403	0.0337130499795001	0.0356520970166652
cAMP_signaling_in_bacteria	0	0	0	0	0	0	0	0	0	0	0.0211430087385743	0.0268652876815847	0.026558191509032	0.0201525833862578	0.0248474568095763	0.0310520857618316	0.0224614320971775	0.0223971187626114	0.0426702896511806	0.0348835526686014	0.0345057118280261	0.0406781841129985	0.0427635439863013	0.0492093479431792	0.0401749322700195	0.0333496796392022	0.0385445892387713	0.0390719585822125	0.0496080906174884	0.0416814721322282
Control_of_cell_elongation_-_division_cycle_in_Bacilli	0	0	0	0	0	0	0	0	0	0	0.0270646590187393	0.0203487390566842	0.0213455957424573	0.0193534902042752	0.0273524611909222	0.0288670402199516	0.0220305327555852	0.0230145267744451	0.042932366489537	0.024191460797003	0.0326132919584214	0.0411846516227058	0.0464101100561938	0.0387712937431165	0.0260099203318568	0.0345748486626846	0.0346938283316317	0.0344269279931828	0.0390028217475541	0.0389352927462598
CBSS-56780.10.peg.1536	0	0	0	0	0	0	0	0	0	0	0.0236464052865561	0.0236753462871108	0.0241351866292577	0.0105280928684551	0.0158130411364166	0.0373258515487455	0.0151634764573	0.0271434428535827	0.0258829014960889	0.0387005490750939	0.0219822977546607	0.0494199741138828	0.0495887966171186	0.0453730575363169	0.0463972473892806	0.0425738196493315	0.043617303502665	0.0429757779903691	0.0441173396789157	0.0483684510937286
DNA_structural_proteins,_bacterial	0.00290053138892685	0	0	0	0	0.00248892604770442	0	0	0	0	0.0171330723283839	0.0168179369890105	0.0172327579969612	0.0208696770666688	0.0163146851460315	0.0362357405278517	0.0115603218882395	0.0364801311992025	0.0534074008569752	0.0266852103447999	0.0287834328850158	0.0312128690982467	0.0433809519981349	0.0531356770184338	0.0320055309467727	0.0251674156490421	0.0290471175567364	0.05018208712849	0.055729112234808	0.0497736974539959
MukBEF_Chromosome_Condensation	0.00183614570185946	0	9.64700018490084e-06	0	0	0.00092289635102218	3.37645006471529e-05	0	0	0	0.0159079033049015	0.0143627754419532	0.014853164618019	0.01953356754106	0.0163146851460315	0.0337693241472454	0.00886880883665217	0.0341584198213697	0.0490807212740472	0.0245467919704802	0.0272704616893505	0.0260710179996945	0.0386603532409901	0.0509184748092708	0.0303591095818829	0.0210626170703668	0.027500381860424	0.0461608958847505	0.0534572436912638	0.0450965101976831
Formate_dehydrogenase	0.00315778472719087	0	0	6.75290012943059e-05	0	0.000284586505454575	0	0.000210626170703668	0	0	0.0148756742851171	0.0137903867643157	0.0136054859274385	0.0174642860013988	0.0205770513943935	0.0338127356480774	0.0129382350813162	0.0381747875650168	0.0477719449156289	0.0245709094709424	0.0286210417152366	0.0258169803281588	0.0369206775409797	0.0347147301653657	0.0295728790668135	0.020507914559735	0.0259616853309323	0.0434983238337179	0.03591738952175	0.043927615341946
Propanediol_utilization	0	0	0	0	0	0	0	0	0	0	0.0186026320232171	0.0151490059570226	0.0326502721257969	0.0104653873672533	0.0152728091260622	0.0313382801006504	0.00421091558070922	0.00787355998424323	0.0700774171764838	0.0487286057672983	0.0155043371304998	0.0458039568779092	0.0507946716402312	0.0497302859531638	0.0393790547547652	0.0381152977305432	0.0367389923708307	0.0322370589512103	0.0456640753752281	0.0386474905740769
C_jejuni_colonization_of_chick_caeca	0	0	0	0	0	0	0	0	0	0	0.0206622665626934	0.00729634780651333	0.0252638856508911	0	0	0.0262703893368491	0.00371248723782267	0.00561133844088399	0.0545248450450595	0.0382053363989356	0.00959233385051973	0.0350539830052013	0.0358257430199934	0.0358514683538198	0.0356135090159256	0.0313623976011126	0.0334493653077795	0.0388323914109542	0.0317129052744973	0.0317643559421502
Biphenyl_Degradation	0.00868873149986735	0.00933347267889156	0	0	0	0.00477848075825421	0.00989299868961581	0	0	0	0.0188084346938283	0.010730679872338	0.0111615792139303	0.012433375404973	0.016084764974958	0.0233553874476449	0.0196493315432789	0.00919841467630295	0.0326245467919705	0.0200062705501202	0.0204580717254464	0.0278042623662484	0.0211912437394988	0.0252397681504289	0.0227315481023547	0.0243136561326784	0.022863390438215	0.0211317539050253	0.0204998753929143	0.0222122179257342
Tryptophan_catabolism	0.00846041916215803	0.00933347267889156	0	0	0	0.00477848075825421	0.00989299868961581	0	0	0	0.0188084346938283	0.010730679872338	0.0111615792139303	0.012433375404973	0.016084764974958	0.0222829625937568	0.0196493315432789	0.00919841467630295	0.0300938170767982	0.0200062705501202	0.0204580717254464	0.0278042623662484	0.0211912437394988	0.0252397681504289	0.0227315481023547	0.0243136561326784	0.022863390438215	0.0211317539050253	0.0204998753929143	0.0222122179257342
Cinnamic_Acid_Degradation	0.0105232693683627	0.00933347267889156	0	0.00352597856758126	0	0.00477848075825421	0.00989943002307241	0.00205963453947633	0	0	0.0188084346938283	0.010730679872338	0.0111615792139303	0.012433375404973	0.016084764974958	0.0222829625937568	0.0196493315432789	0.00919841467630295	0.0300938170767982	0.0200062705501202	0.0204580717254464	0.0278042623662484	0.0211912437394988	0.0252397681504289	0.0227315481023547	0.0243136561326784	0.022863390438215	0.0211317539050253	0.0204998753929143	0.0222122179257342
CBSS-306254.1.peg.1508	0	0	0	0	0	0	0	0	0	0	0.0142084234389948	0.017465893834763	0.0168484858229293	0.0213664975761912	0.029770642570604	0.02221061009237	0.030873616258411	0.0236930324541165	0.0506274569703596	0.0220112387552154	0.0374994975520737	0.0245001648029198	0.0199708982161089	0.0218826120860834	0.0192473732022413	0.0215562219131609	0.0189595710300584	0.0201959948870899	0.014896576118851	0.019832624546792
CBSS-344610.3.peg.2335	0	0	0	0	0	0	0	0	0	0	0.0148885369520303	0.0124880417393541	0.0125780804077465	0.01839843718597	0.023741267455041	0.0196380767097298	0.020657443062601	0.0220080230884871	0.035981702856316	0.0227620969362735	0.0350781005056636	0.0228923314387697	0.0268379545143941	0.0255581191565306	0.0257140789928532	0.0197297232114864	0.0223665699286926	0.0244036948010708	0.0227315481023547	0.0255243546558835
Glutathione:_Redox_cycle	0.000860190849820325	0.000209018337339518	0	0	3.21566672830028e-06	0	4.01958341037535e-05	3.37645006471529e-05	0	0	0.00852473249672404	0.00608082578321583	0.0063654122886704	0.00566600477526509	0	0.0086549669992202	0.00499071476232203	0.0148258314508284	0.0151827704576698	0.0111117363796416	0.0103576625318552	0.0216221430810911	0.0303301685813282	0.0277817526991503	0.0222202570925549	0.0178099701746911	0.0222765312603002	0.0252108271498742	0.0265967795097716	0.0270164240178148
Glutathionylspermidine_and_Trypanothione	0.00164481353152559	0	0	4.6627167560354e-05	0	0.000218665337524419	0.00011254833549051	0.000102901335305609	0	0	0.00867426099959	0.00797967698627714	0.00795716731917904	0.00929649251151611	0.00685580146473619	0.0156506499666375	0.00519651743293325	0.0166909181532426	0.0220273170888569	0.0124317675716089	0.0139302682669968	0.0150573594552661	0.0222057865922776	0.0243586754668746	0.0167423688208954	0.012369062070407	0.0149769677870585	0.0209388139013273	0.0251111414812969	0.0235451117846146
D-Alanyl_Lipoteichoic_Acid_Biosynthesis	0	0	0	0	0	0	0	0	0	0	0	0.0115731845551527	0.0116358900563546	0.00729473997314918	0.0101502520278798	0.0140830124365911	0.00845720349542973	0	0	0	0.0129350194145879	0.024308832632586	0.024009775626854	0.021503163412144	0.0180945566801457	0.018858277528117	0.0174578546679422	0.0185109855214606	0.0218729650858985	0.0212234004067818
Cadmium_resistance	0	0	1.60783336415014e-05	0	0	5.14506676528045e-05	0	0	0	0	0.0173404828323593	0.0149560659533246	0.0154979057970432	0.0130620382503557	0.0118433005603299	0.0144270887765192	0.00958429468369898	0.00425111141481297	0.0217379070833099	0.0163130773126673	0.0180752626797759	0.0283605727102443	0.0261787428350926	0.0265630150091245	0.0171362879951122	0.0229502134398791	0.0223649620953284	0.0197120370444807	0.0269135226825092	0.0232396234454261
Heme,_hemin_uptake_and_utilization_systems_in_GramPositives	0	0	0	0	0	0	0	0	0	0	0.0145926956130267	0.0182858888504795	0.0190319235314452	0.0130282737497086	0.00772563931474142	0.0197409780450354	0.0160220594737561	0.00791214798498284	0.0272833243562637	0.0153515929609055	0.0171748759958518	0.0235676214517127	0.0241946764637313	0.0228344494376603	0.0194161957054771	0.0181234976807004	0.0180463216792212	0.0175961283372591	0.0227910379368282	0.0199901922164787
Vibrio_Polysaccharide_(VPS)_Biosynthesis	0	0	0	0	0	0	0	0	0	0	0.0106068767032985	0.0227219011021698	0.0239567171258371	0.0116165960559848	0.0147148909487021	0.0133192915886198	0.0160091968068429	0.0143257952745777	0.0265533680089396	0	0.0217539854169514	0.0338625784823661	0.0267414845125451	0.0196268218761808	0.039258467252454	0.0274537546928636	0.0341970078221093	0.0335458353096285	0.0296645255685701	0.0307176564220884
CBSS-257314.1.peg.752	0	0	0	0	0	0	0	0	0	0	0	0.0233248386137261	0	0	0	0	0	0	0	0.0369078148740664	0	0.0492318576102773	0.0461834055518486	0.0502833806304315	0.036464052865561	0.0416203744643905	0.0454791745383508	0.0425915058163372	0.0424918201477599	0.0476610044135026
Lipopolysaccharide_assembly_cluster	0	0	0	0	0	0	0	0	0	0	0	0.011737183558296	0.0130588225836274	0.00301951105787396	0	0	0	0.0057624747771141	0.00748285647675475	0.038049376562613	0	0.0403067746058798	0.0416879034656848	0.046230032719409	0.037684398388951	0.0342002234888376	0.0363515045300705	0.0413293566254793	0.0412039456230756	0.0428149946539541
Proline,_4-hydroxyproline_uptake_and_utilization	0	0	0	0	0	0	0	2.57253338264022e-05	0	0	0	0.000152744169594263	0.000196155670426317	0.0101245266940534	0.0127806674116295	0	0	0.0169674654918764	0	0	0.0149994774541567	0.0404595187754741	0.0205497182272029	0.0494296211140677	0.0300777387431567	0.0376184772210208	0.0352839031762748	0.0357180181845954	0.039258467252454	0.0398790909310159
Inositol_catabolism	0.00164320569816144	0	0	0	0	0	0	0	0	0	0.0256561969917438	0.000168822503235765	0.000181685170148966	0.0118770650609771	0.00906014100698604	0	0	0	0	0.0307482052560073	0	0.0386458827407128	0.0534894003585468	0.0718042302095811	0.0183148298510342	0.0321920396170141	0.0521597221663947	0.0146328914471304	0.0740053540851026	0.0336230113111077
Sucrose_utilization	0	0	0	0	0	0	0	0	0	0	0.0326679582928025	0	0	0.00850383066299009	0.00165767619843879	0	0.0184579270204436	0.0225964900997661	0.0333561109726588	0.0352839031762748	0.0167954273219124	0.0522368981678739	0	0.057217965930011	0.0464052865561013	0.0428133868205899	0.0455563505398301	0.0489665651051925	0.0675338247943983	0.0551149198897026
Spore_Coat	0	0	0	0	0	0.00107081702052399	0	0	0	0	0.00581874894485936	0.0110538543785322	0.0111455008802888	0.0074941113103038	0.0108818162085681	0.00733172014052464	0.00969041168573289	0.0119863977297393	0.018451495686987	0.00852634033008819	0.0134157615904688	0.0104589560337967	0.0124349832383372	0.0103367606981212	0.00910033684108979	0.00826587132509587	0.00847649749579953	0.00947496201493677	0.0101132718605044	0.00956500068332918
Nitric_oxide_synthase	0	0	0	0	0	0.000882700516918427	0	0	0	0	0.0057303181098311	0.0107483660393437	0.0108416203744644	0.00735101414089444	0.0108818162085681	0.00724811280558883	0.00963735318471594	0.0118690258941563	0.0181845953485381	0.00852473249672404	0.0132549782540537	0.0101116640271402	0.0112580492157793	0.010227428029359	0.00907782717399169	0.00803112765392995	0.00847167399570709	0.00932543351207081	0.0100007235250139	0.00937366851299531
Competence_in_Streptococci	0	4.6627167560354e-05	3.21566672830028e-06	0	0	2.2509667098102e-05	0	0	0	0	0.00752466014422265	0.0159368443054562	0.0165848011512087	0.00788481481779228	0.00729956347324163	0.0144206574430626	0.00835269432675997	0.00337645006471529	0.0146168131134889	0.00591200327998006	0.0137903867643157	0.0145235587783682	0.0098126070214083	0.013685877595646	0.00741050397536799	0.00935759017935381	0.00734940630753029	0.0117355757249319	0.0138756019326157	0.0116776937238225
Polyglycerolphosphate_lipoteichoic_acid_biosynthesis	0	0.000133450169224462	0	0	0	3.37645006471529e-05	0	0	0	0	0.00965021585162914	0.00827230265855247	0.00829963582574302	0.00561937760770474	0.00862763383202965	0.00770152181427917	0.00770956098109992	0.00676415496297964	0.0117355757249319	0.00544090810428407	0.00972899968647249	0.0133289385888047	0.0162841363121126	0.011330401717166	0.0113320095505302	0.0102885256971967	0.0101679381948855	0.0106117002033909	0.011930123561994	0.0113175390502528
Cluster_with_phosphopentomutase_paralog	0.00130877635841821	0	0	3.37645006471529e-05	3.21566672830028e-06	0	3.21566672830028e-06	2.2509667098102e-05	0	9.64700018490084e-06	0.00726579897259448	0.0080713234880337	0.00815975432306196	0.00573835727665185	0.00676254712961549	0.00497624426204468	0.00706964330216816	0.00668858679486458	0.00742819014237364	0.0101325658608742	0.0110056193776077	0.0100537820260308	0.0107596208728927	0.00971452918619514	0.011725928724747	0.00757128731178301	0.0106470725374022	0.00946209934802357	0.0101116640271402	0.00917912067593315
Quorum-sensing_in_Vibrio	0.00270276788513638	0.00486530375991832	0.00243747538005161	0.00361923290270196	0.00336358739780209	0.00256770988254777	0.00377197707229623	0	0	0	0.00647152929070431	0.00592647378025741	0.00607921794985168	0.00730599480669823	0.00940100168018587	0.00871928033378621	0.008042382487479	0.00663231262711933	0.0159738244728316	0.0091614345089275	0.0107435425392512	0.0107017388717833	0.0103271136979363	0.0108769927084757	0.00950711868221977	0.00931578651188591	0.00935276667926136	0.0100071548584705	0.00929810034488026	0.0100216253587478
Ribosomal_protein_S5p_acylation	0	0	0.00588306227942536	0	0	0	0	0	0	0	0.00966950985199894	0.0119156530617167	0.0122243570676335	0.013568505760063	0.0170140926594368	0.0120121230635657	0.0170446414933556	0.0141441101044288	0.0287577075511894	0.0143145404410287	0.0240531871276861	0.0146152052801248	0.0136022702607102	0.015335514627264	0.0151490059570226	0.0124205127380598	0.0135267020925951	0.0126906287432371	0.0135636822599706	0.0127710204114446
Streptococcus_pyogenes_virulence_regulators	0.00263363105047793	0.00460644258829015	0.00224775104308189	0.00361923290270196	0.00336358739780209	0.00240210304604031	0.00377197707229623	0.00101615068614289	0	0	0.00939296251336512	0.0118433005603299	0.0123401210698523	0.0106792292046852	0.0139270526002685	0.0151329276233811	0.0117516540585734	0.00821763632417136	0.0222395510929247	0.0101486441945157	0.0164995859829087	0.0138402295986044	0.015731041634845	0.0127292167439767	0.0107580130395286	0.011801496892862	0.015110417956283	0.0157213946346601	0.0116374978897187	0.0151859861243981
ABC_transporter_of_unknown_substrate_X	0.000426075841499787	1.76861670056515e-05	5.62741677452549e-05	0	0	0.000440546341777138	7.87838348433568e-05	0	0	0	0.00666446929440233	0.00501804792951259	0.00533318326888601	0.0029085705557476	0.00605510044938942	0.00680756646381169	0.00363370340297932	0.0128063927454559	0.00824657732472607	0.0120555345643977	0.00944441318101792	0.0147406162825285	0.0186363965238643	0.0203616017235974	0.0171636211623027	0.0116535762233602	0.0137903867643157	0.0207908932318255	0.020786069731733	0.0154255532956564
Experimental-yggC	0.00144705002773513	0	0	0	0	0	0	2.41175004622521e-05	0	0	0.00756003247823396	0.00677862546325699	0.00704070230161346	0.00832375332620527	0.00969201951909704	0.00955374584978013	0.00769669831418672	0.0115426357212339	0.0171186018281065	0.0123224349028467	0	0.0133530560892669	0.0170558963269047	0.0158982563047166	0.013396467590099	0.0106213472035758	0.0136296034279007	0.0133257229220764	0.0154914744635866	0.0145123039448192
Cobalt-zinc-cadmium_resistance	0	0	0	0	0	0	0	0	0	0	0.0129864700822407	0.0105618573691023	0	0	0	0	0.0074651703097491	0	0.0144303044432475	0.0131134889180085	0	0.0196798803771977	0.0186396121905926	0.0186428278573209	0.0132372920870481	0.01580660980296	0.0158323351367864	0.0128176475790049	0.0188888263620358	0.0157776688024053
Gram_Positive_Competence	0	0	0	0	0	0	0	0	0	0	0.0108576987081059	0	0	0	0	0	0.0057238867763745	0.00537820260308222	0.0152840639596112	0.00985601852224035	0	0.0157985706361393	0.0163982924809673	0.0191830598676753	0.0102290358627232	0.0119043982281676	0.0116503605566319	0.0177215393396628	0.0193036473699866	0.0196654098769204
Phage_DNA_synthesis	0	0	0	0	0	0	0	0	0	0	0	0.00673682179578908	0.00692815396612295	0	0	0.0080037944867394	0	0.00819834232380156	0	0.00780442314958478	0	0.0195110578739619	0.0201976027204541	0.0226527642675113	0.0167134278203407	0.0161780193100787	0.0163999003143314	0.019469254206494	0.0203648173903257	0.0210690484038234
HPr_catabolite_repression_system	0	0	0	0	0	0	0	0	0	0	0.0134366634242027	0.00742175880891704	0.00758897347878866	0	0	0	0	0.00703587880152101	0	0.0119896133964676	0	0.0203567782235049	0.0195994887089902	0.0175318150026931	0.0145364214452814	0.0163516653134069	0.0156538656333658	0.0136697992620045	0.0176540103383685	0.0161056668086919
A_conserved_operon_linked_to_TyrR_and_possibly_involved_in_virulence	0.000390703507488484	0	1.44705002773513e-05	2.2509667098102e-05	1.76861670056515e-05	0.000133450169224462	4.82350009245042e-05	0	0	0	0.00355491956813596	0.00263041538374963	0.00255002371554212	0.00319315706120218	0.00265292505084773	0.00609529628349318	0.00281531622062689	0.00615317828460258	0.00820316582389401	0.00775779598202442	0.00735262197425859	0.00890257333729932	0.0129173332475822	0.0144383436100683	0.00990586135652901	0.00727383813941523	0.00905531750689359	0.0147856356167247	0.0148612037848397	0.0144560297770739
Glutaredoxins	0.000856975183092024	0.000209018337339518	0	4.82350009245042e-06	3.21566672830028e-06	7.23525013867563e-05	4.18036674679036e-05	3.37645006471529e-05	0	0	0.00268668955149488	0.00131520769187481	0.00138273669316912	0.0022992017107347	0.00246159288051386	0.00408711241166965	0.00272527755223449	0.00514828243200875	0.00664999879412498	0.00378483973920943	0.00385397657386788	0.0103062118642024	0.0104444855335193	0.0117484383918451	0.00944762884774622	0.00888488717029367	0.0086903393332315	0.0114027542185528	0.0105216615349985	0.0120957303985015
Tellurite_resistance:_Chromosomal_determinants	0.000475918675788441	0	0	2.73331671905524e-05	8.0391668207507e-06	0.000147920669501813	2.73331671905524e-05	3.05488339188527e-05	0	0	0.00633807912147985	0.00375107523856228	0.00373821257164907	0.00434115008320538	0.00568047527554244	0.0086453199990353	0.00525439943404266	0.00709536863599457	0.0132083510864934	0.00699568296741726	0.0063943532892251	0.00947335418157262	0.0097547250202989	0.0108400125411002	0.00851990899663159	0.0103657016986759	0.00799736315328279	0.0097740190206687	0.014296854274023	0.0107998167069965
CBSS-193567.1.peg.90	0	3.21566672830028e-06	0	0	0	4.82350009245042e-06	0	0	0	0	0.00868230016641075	0.00630592245419685	0.00630592245419685	0.00359993890233216	0.00539749660345202	0.0075198366441302	0.00393758390880369	0.00387809407433014	0.00797163781945639	0.00532353626870111	0.00703427096815686	0.0115603218882395	0.0135202707591385	0.0108673457082908	0.00838324316067883	0.00945566801456697	0.00934955101253306	0.0097965286877668	0.0097804503541253	0.0112307160485887
Extracellular_Polysaccharide_Biosynthesis_of_Streptococci	0.000122195335675411	0.000371409507118682	3.53723340113031e-05	0.000221881004252719	0.000160783336415014	9.32543351207081e-05	0.000430899341592237	3.05488339188527e-05	0.000260469004992323	0.000178469503420665	0.0080552451543922	0.00659854812647217	0.00522867410021625	0.00370766373773022	0.00476079459124856	0.00748607214348305	0.00451318825316944	0.0040662105779357	0.00619819761879879	0.0046112660883826	0.00542482977064257	0.0092064538431237	0.0143772459422305	0.0086549669992202	0.00510004743108424	0.00854081083036554	0.00625125611981574	0.0092546888440482	0.00891704383757667	0.0109943645440587
The_Chv_regulatory_system_of_Alphaproteobacteria	0	0	0	0	0	0	0	0	0	0	0.00895884750504458	0.0040919359117621	0	0	0	0	0.00558882877378588	0.00506306726370879	0	0.00930453167833686	0.00762273797943581	0.0146200287802172	0.0131343907517425	0.0119172608950808	0.0103206823644797	0.0133032132549783	0.0108351890410078	0	0.0118625945606997	0.0111181677130982
Cell_envelope-associated_LytR-CpsA-Psr_transcriptional_attenuators	0	0	0	0	0	0	0	0	0	0	0.00641364728959491	0.00503412626315409	0.00526083076749926	0.00307578522561922	0.00489424476047302	0	0.0034986454003907	0.00370766373773022	0.00674968446270229	0.00419162158033941	0.00569655360918394	0.00852473249672404	0.00990103785643656	0.00777387431566592	0.00661462646011367	0.00661462646011367	0.00650207812462316	0.00719023080447942	0.00790732448489039	0.0081099114887733
Methanogenesis_strays	0	0	0	0	0	0	0	0	0	0	0.00476722592470516	0.00386683924078109	0.00408068107821305	0.00533479110225016	0.00596988528108947	0.00103705251987684	0.00381538857312828	0.00261755271683643	0.00642168645641566	0.00566439694190094	0.00724007363876808	0.0092804141778746	0.00880931900217861	0.00770152181427917	0.00722560313849073	0.00707607463562476	0.00680113513035509	0.00362887990288686	0.00818226399016006	0.00554541727295383
Anaerobic_Oxidative_Degradation_of_L-Ornithine	0	0	0	0	0	0	0	0	0	0	0.00140203069353892	0.000178469503420665	0.000139881502681062	0.00185383186886511	0.00312241239317957	0.00199371337154617	0.0011447773552749	0.00023474367116592	0.00159336286387279	0.0057174554429179	0.00425593491490542	0.00929488467815196	0.0122565137349165	0.00889614200384272	0.00834143949321092	0.00710019213608702	0.00728509297296428	0.00432507174956388	0.00916625800901994	0.00772242364801312
Universal_stress_protein_family	0.000934151184571231	4.82350009245042e-06	0	4.34115008320538e-05	6.43133345660056e-06	9.1646501756558e-05	0	4.6627167560354e-05	0	0	0.00327354872940968	0.00310472622617392	0.00320923539484368	0.00361762506933781	0.0034118223987266	0.00714360363691907	0.00156120619658979	0.00635415745512135	0.0092611201775048	0.00421573908080167	0.00414821007950736	0.00491193092747868	0.00674164529588153	0.00811151932213745	0.00562580894116134	0.00394562307562444	0.00486369592655417	0.00839289016086373	0.00827712615864492	0.00801504932028844
Single-Rhodanese-domain_proteins	0.000385880007396033	3.69801673754532e-05	0	0	0	1.44705002773513e-05	0	2.73331671905524e-05	0	3.21566672830028e-06	0.00436687541703178	0.00384915307377543	0.0040951515784904	0.00403244607728855	0	0.0051595372655578	0.00588467011278951	0.00467236375622031	0.00892508300439742	0.00271563055204959	0.00700372213423801	0.0051756155991993	0.00549718227202933	0.00539267310335957	0.00406138707784325	0.00423181741444317	0.00428969941555257	0.00464824625575805	0.00474310842424291	0.00605992394948188
Alpha-acetolactate_operon	0	0	3.21566672830028e-06	0	0	0	0	0	0	0	0.00332339156369834	0.00174610703346705	0.00179755770111986	0.00212877137413478	0.00331535239687759	0.00270759138522884	0.0034246850656398	0.00223167270944039	0.00454212925372414	0.00165446053171049	0.00366586007026232	0.00405174007765835	0.00629949112074025	0.00299217789068341	0.00221559437579889	0.00326229389586063	0.00368515407063212	0.00323013722857763	0.00309025572589657	0.00390864290824899
Gram-Positive_Extracellular_Nucleases	0	3.85880007396033e-05	0	0	0	0	0	0	0	0	0.00357903706859821	0.00189241986960471	0.00186508670241416	0.00106438568706739	0.00288766872201365	0.0028506885546382	0.00145348136119173	0.00144865786109928	0.00211590870722158	0.00158532369705204	0.00220755520897814	0.00474953975769951	0.00525761510077096	0.00304362855833621	0.00221559437579889	0.00351311590066805	0.00330731323005684	0.00418036674679036	0.00307578522561922	0.00423664091453562
Divergent_RNA_modification_related_clusters	0	0	0	0	0	0	0	0	0	0	0.0040951515784904	0	0	0	0.00310633405953807	0	0.00310472622617392	0.00218665337524419	0.00548271177175198	0.00238120121230636	0	0.00566439694190094	0.00727062247268693	0.00446816891897324	0.00414821007950736	0.00440546341777138	0.0046595010893071	0.00476561809134101	0.00480581392544477	0.00542965327073502
Intracellular_septation_in_Enterobacteria	0.000271723838541374	0	1.76861670056515e-05	0	0	0	0	0	0	0	0.00157567669686714	0	0	0	0	0.00276868905306654	0	0	0	0.00213841837431969	0.00251625921489497	0.00273492455241939	0.00397295624281499	0.00451318825316944	0.0028410415544533	0.00519330176620495	0.00258218038282512	0.00348417490011335	0.00476401025797686	0.00435722841684688
CBSS-176279.3.peg.1262	0	9.64700018490084e-06	0	0	0	0	0	0	0	0	0.00154030436285583	0.0011737183558296	0.00127983535786351	0.000903602350652378	0	0.00153226519603508	0.000795877515254319	0.000712270180318512	0.0017605775337444	0.00108046402070889	0.00142293252727287	0.00198406637136127	0.0023120643776479	0.00205159537265558	0.00163677436470484	0.00155477486313318	0.00167214669871615	0.00166249969853124	0.00210786954040083	0.00187312586923491
tRNAs	0	0	0	0	0	0	0	0	0	0	0.000604545344920452	0.000496820509522393	0.00045662467541864	0.000212234004067818	0.000323174506194178	0.000490389176065793	0.000295841339003626	0.000197763503790467	0.000498428342886543	0.000316743172737577	0.000414821007950736	0.000771760014792067	0.000763720847971316	0.000676897846307209	0.000485565675973342	0.000524153676712946	0.000532192843533696	0.000614192345105353	0.000612584511741203	0.000741211180873214
L-fucose_utilization_temp	0.0623710718621122	0.0586650159577461	0.0635721233851324	0.0601908498203246	0.0693394216623389	0.0641236102290359	0	0.0550859788891479	0.0496000514506677	0	0	0	0	0	0	0	0	0	0	0	0	0	0	0	0	0	0	0	0	0
Xyloglucan_Utilization	0.0457171338762451	0.0456399578747659	0.04645512939039	0.0477848075825421	0.0533575580226865	0.047461633076348	0.0423664091453562	0.0403775192739024	0.0367036200368194	0.046680226061371	0	0	0	0	0	0	0	0	0	0	0	0	0	0	0	0	0	0	0	0
Unknown_carbohydrate_utilization_(_cluster_Yeg_)	0.01653495831692	0.0110474230450756	0.0115554983881471	0.0108978945422096	0.0143659911086815	0.0131810179193028	0.0108609143748342	0.0115812237219735	0.010891463208753	0.0086388886655787	0	0	0	0	0	0	0	0	0	0	0	0.0069458401331286	0.00559365227387834	0	0	0.00530102660160301	0.00535408510261996	0.00383146690676978	0	0.00450836475307699
Unknown_sugar_utilization_(cluster_yphABCDEFG)	0.0150509281218095	0.00555827993986703	0.00937527634635946	0.00778834481594328	0.0105682887025589	0.0098319010217781	0.00487977426019567	0.0139592092675515	0.0164047238144239	0.0105007597012646	0	0	0	0	0	0	0	0	0	0	0	0	0	0	0	0	0	1.28626669132011e-05	0	0
Serotype_determining_Capsular_polysaccharide_biosynthesis_in_Staphylococcus	0.00451961958662604	0.00578980794430465	0.00431381691601482	0.0046434227556656	0.00562741677452549	0.00361440940260951	0.00488298992692397	0.0104653873672533	0.0052142035999389	0.00608404144994413	0	3.85880007396033e-05	0	0.000535408510261996	0.000879484850190126	0.000644741179024206	0.000308704005916827	0.000776583514884517	0.0011962280229277	3.85880007396033e-05	0.000528977176805396	0.00011094050212636	0	5.7882001109405e-05	3.53723340113031e-05	0.000162391169779164	0	9.32543351207081e-05	9.1646501756558e-05	9.80778352131585e-05
Transport_of_Nickel_and_Cobalt	0	0.022927703772781	0.0261385470009888	0.0164658214822616	0.0257398043266796	0.0203616017235974	0.0214227717439365	0.0156442186331809	0.0173967570001045	0.0152985344598886	0	0	0	0	0	0	0.000157567669686714	0	0	0	0	0	0	0	0.00142936386072947	0	0	0.000794269681890169	0	0
Teichuronic_acid_biosynthesis	0.0306662057544356	0.0327676439613798	0.0263604280052415	0.0267897195134696	0	0.0334027381402192	0.029556800733172	0.0393645842544879	0.0348369255010411	0.0329171724642458	0	0	0	0	0	0	0	0	0	0.016909583490767	0	0.0134688200914857	0.0114960085536735	0.0117420070583885	0.0123160035693901	0.0117162817245621	0.0129318037478596	0.0119687115627336	0.00895723967168043	0.0114188325521943
L-fucose_utilization	0.102962432973447	0.0923008899357671	0.094624209146964	0.0895402400495213	0.107363072891126	0.0966388243522441	0.08933443737891	0.0873117830068092	0.0819030315698081	0.0991599070672315	0.00703266313479271	0.0100827230265855	0.00950711868221977	0.0164754684824465	0.0136296034279007	0.0342854386571376	0.00875626050116166	0.0365798168677798	0.0391684285840615	0.0137421517633912	0.0247156144737159	0.0113014607166113	0.0145348136119173	0.0175076975022309	0.0115169103874074	0.00896045533840873	0.0138337982651478	0.0101550755279723	0.0160091968068429	0.01053773986864
Propionyl-CoA_to_Succinyl-CoA_Module	0.0584463506202217	0.0778046643245894	0.0574929054352807	0.0578016094411975	0.0875449188446109	0.0595573634748495	0.0631460475436326	0.0615076653455636	0.0613774308430674	0.0604641814922301	0.0104766422008023	0.0204034053910653	0.0202040340539107	0.0253008658182666	0.0163227243128522	0.00769991398091502	0.0245419684703877	0.0285695910475838	0.0371409507118682	0.0381940815653866	0.0464486980569334	0.0238393452902541	0.0317884734426124	0.0250741613139214	0.0215224574125138	0.0210384995699046	0.0230402521082715	0.0142116391057231	0.0196911352107468	0.0210336760698121
Cellulosome	0.102309652627602	0.0952464406588901	0.144542611603733	0.0480275904205288	0.129467565981462	0.093907115466553	0.105845278195368	0.15285511009639	0.132723428543866	0.122656783850922	0.0029053548890193	0.00907782717399169	0.0092611201775048	0.0074394449759227	0.0068911737987475	0.00181524386812551	0.00843308599496748	0.00797646131954884	0.0151281041232887	0.00873857433415601	0.0118513397271507	0.00798771615309789	0.0069619184667701	0.00676254712961549	0.00312080455981542	0.00756485597832641	0.00377197707229623	0.00214967320786874	0.0039858189097282	0.00587019961251216
Conjugative_transposon,_Bacteroidales	0.285293952134801	0.335961604939264	0.28638245532233	0.310815091123956	0.301997732954957	0.271116077529725	0.265242662250484	0.253751477196903	0.244861766526517	0.244864982193245	0.00187473370259906	0.015464141296396	0.01580660980296	0.0152519072923282	0.0140637184362213	0.00453248225353924	0.0170317788264424	0.0287126882169932	0.0333303856388324	0.0129993327491539	0.035853076187184	0.00769348264745842	0.00848936016271274	0.0107789148732625	0.00930935517842931	0.00701176130105876	0.00520294876638985	0.0103528390317627	0.00983350885514225	0.00236833854539316
