	mgm4472160.3	mgm4472167.3	mgm4472253.3	mgm4472255.3	mgm4472304.3	mgm4472305.3	mgm4472312.3	mgm4472337.3	mgm4472353.3	mgm4472361.3	mgm4472397.3	mgm4472419.3	mgm4472428.3	mgm4472444.3	mgm4472462.3	mgm4472464.3	mgm4472467.3	mgm4472473.3	mgm4472484.3	mgm4472495.3	mgm4472580.3	mgm4472586.3	mgm4472682.3	mgm4472751.3	mgm4472934.3	mgm4473326.3	mgm4473472.3	mgm4473666.3	mgm4478487.3	mgm4478571.3
Xyloglucan_Utilization	0	0	0	0	0	0	0	26350	0	29519	0	0	0	0	0	33186	28434	28386	0	0	28893	29720	29033	0	25113	22828	0	0	0	0
Conjugative_transposon,_Bacteroidales	4785	1473	6439	3236	6116	6704	10593	164969	8085	168622	8747	22299	20730	1166	17858	187829	177440	208953	5280	5790	178117	193313	152295	2819	157822	152293	9831	9486	4361	9618
Lipopolysaccharide_assembly_cluster	25069	26629	25705	22609	25627	28753	0	0	23665	0	0	0	4654	0	3584	0	0	0	25928	23438	0	0	0	0	0	0	8122	1878	21271	7300
Fatty_Acid_Biosynthesis_FASII	127719	131451	126035	117528	133954	151142	69271	0	133594	0	58503	95988	116695	55125	64133	0	0	0	144844	127834	0	0	0	73161	0	0	65883	56152	124099	65727
L-fucose_utilization	7029	6554	6316	8604	9957	10889	5446	55562	8547	60105	8477	15372	24361	4374	22751	66775	64038	57407	9040	7163	58852	55690	61673	21324	54304	50940	5913	10247	5573	6271
CBSS-257314.1.peg.752	30620	29643	26490	28286	26428	31274	0	0	22955	0	0	0	0	0	0	0	0	0	28724	22679	0	0	0	0	0	0	0	0	25886	14507
CBSS-56780.10.peg.1536	30737	30083	26729	27128	27439	28220	9431	0	24070	0	9835	13672	16098	14707	16882	0	0	0	30842	28857	0	0	0	23215	0	0	15011	6548	26479	14725
CBSS-296591.1.peg.2330	49572	43705	42716	44549	43495	51039	25270	0	46855	0	21620	34829	41511	29818	23164	0	0	0	50536	48871	0	0	0	31402	0	0	38400	16348	41781	37796
Cluster_with_phosphopentomutase_paralog	6253	5709	5885	6622	6289	6042	4397	2	6302	0	4206	6845	4620	4519	4160	2	814	0	6692	7293	0	21	6	3095	14	0	5075	3569	4709	5020
CBSS-262719.3.peg.410	39834	43705	42591	38681	43699	40033	28643	0	39333	0	29904	47006	35768	19552	29242	0	0	0	49732	40537	0	0	0	24721	0	0	27053	24984	33102	27026
cAMP_signaling_in_bacteria	25300	25924	24301	23973	30854	30606	13970	0	21696	0	15454	21461	26539	13150	13930	0	0	0	26597	24987	0	0	0	19313	0	0	16518	12534	20742	16709
Nucleoside_Catabolism_cluster	51472	49336	54935	47774	61517	51976	16569	0	43747	0	15120	37355	46026	22569	24670	0	0	0	57093	44917	0	0	0	23835	0	0	28369	22320	42207	24959
YrdC-YciO-Sua5_protein_family	79457	81059	68872	63825	78061	87653	46634	0	70743	0	39239	59503	90938	41905	63406	0	0	0	80313	67080	0	0	0	54147	0	0	46235	39101	77565	45481
Macromolecular_synthesis_operon	126443	115025	113999	112210	96064	124813	96021	0	117779	0	95466	133242	160506	76945	99842	0	0	0	118031	114264	0	0	0	111464	0	0	72058	71490	109717	71805
Rhamnose_containing_glycans	69230	59651	56815	60243	59229	72953	43781	0	60327	0	35782	48436	82313	40639	32295	0	0	0	82799	68261	0	0	0	46253	0	0	45566	29028	60115	45046
Cellulosome	4968	3651	1337	2346	2479	4206	5245	65831	5435	58406	4286	7371	9409	1807	4961	80523	63632	59239	4330	1941	89899	29871	76287	1129	95069	82548	5760	4627	4705	5646
Iojap	155823	181729	166648	127505	176257	195764	93718	0	118596	0	76014	134238	171387	79897	82671	0	0	0	182405	141320	0	0	0	107122	0	0	90487	82100	129373	85999
Acetoin,_butanediol_metabolism	62705	58664	50324	48584	61241	67413	41807	0	53643	0	44243	65163	67463	34136	42512	0	0	0	78644	53862	0	0	0	39198	0	0	30847	35267	53223	35592
Control_of_cell_elongation_-_division_cycle_in_Bacilli	25615	24216	21412	21578	24258	24114	13702	0	15046	0	17012	20284	26702	16833	14314	0	0	0	28865	16177	0	0	0	17954	0	0	13276	12037	21504	12656
Purine_conversions	200048	193279	178733	171311	191410	227444	145940	0	170225	0	121125	193838	247548	106190	138426	0	0	0	232848	191097	0	0	0	139697	0	0	96849	106341	169360	95641
Heat_shock_dnaK_gene_cluster_extended	179187	185011	178146	162154	182818	206703	108824	0	145681	0	92336	173921	217829	80179	109232	0	0	0	209112	158901	0	0	0	96366	0	0	93518	103624	160037	92588
Fermentations:_Mixed_acid	167422	150931	143578	144881	151105	174639	0	0	146834	0	0	0	0	99331	71779	0	0	0	163606	147210	0	0	0	0	0	0	82605	0	140923	69651
CBSS-393131.3.peg.612	33304	33416	30860	29696	31787	35928	22447	0	30471	0	25433	34502	45290	20731	27054	0	0	0	36209	31043	0	0	0	22951	0	0	16535	19289	28657	16146
Polyglycerolphosphate_lipoteichoic_acid_biosynthesis	8290	7039	6600	6324	7420	7047	4795	0	3384	21	5366	6051	7299	6002	4207	0	0	83	10128	7048	0	0	0	4790	0	0	5162	3495	6399	5145
ABC_transporter_of_unknown_substrate_X	9168	9594	12931	8577	12928	12664	2260	49	7498	274	3766	5874	5129	4145	7965	0	265	11	11591	10675	35	0	0	4234	0	0	3317	1809	7248	3121
Cadmium_resistance	17639	14454	12260	13910	16739	16521	5961	0	10146	32	7366	11242	13520	10785	2644	0	0	0	16282	10658	10	0	0	8973	0	0	9639	8124	14274	9302
Proline_Synthesis	31934	35333	37546	33105	30608	36315	15933	0	24537	0	17361	23866	29858	15317	18102	0	0	0	35811	35719	0	0	0	24165	0	0	20281	12138	27927	0
tRNA_modification_Bacteria	410041	433085	402828	324060	412238	457985	232877	0	343536	0	207340	358009	512311	199269	271628	0	0	0	461816	320469	0	0	0	277459	0	0	220456	195121	351041	213323
Deoxyribose_and_Deoxynucleoside_Catabolism	35687	39297	44774	35523	48595	42799	9430	0	24786	0	7265	26793	31543	17752	16623	0	0	0	45255	32429	0	0	0	18461	0	0	21268	15939	28588	20960
CBSS-193567.1.peg.90	7190	6985	6093	5815	6083	6759	2449	0	3311	3	3357	4375	4958	5400	2412	0	0	2	8409	5214	0	0	0	4677	0	0	3922	2239	5881	3922
Ammonia_assimilation	40961	55407	52750	48566	45496	53664	30302	0	51876	0	22861	59553	55756	26405	37078	0	0	0	53747	50943	0	0	0	46899	0	0	28689	25485	36029	33064
Unknown_carbohydrate_utilization_(_cluster_Yeg_)	4320	2804	2383	3330	0	0	0	6755	0	8198	0	0	0	0	0	8935	10284	6871	3479	0	7187	6778	5373	0	7203	6774	0	0	3297	0
CBSS-243265.1.peg.198	35623	36221	33737	31585	33976	38668	24507	0	32639	0	27603	36531	50858	21988	30047	0	0	0	38240	33115	0	0	0	25933	0	0	17264	20765	30812	16877
Peptide_methionine_sulfoxide_reductase	34213	33847	29369	29257	31918	33590	23738	0	21802	0	30101	40014	48086	23315	23244	0	0	0	33816	27661	0	0	0	25721	0	0	21346	24389	27549	20812
Sporulation-related_Hypotheticals	27241	25930	23881	25545	24393	28649	25353	0	24824	0	24626	37149	41756	17578	22491	0	0	0	29528	27220	0	0	0	18544	0	0	19268	20180	23482	19199
Universal_GTPases	394805	365459	329376	356852	355422	408469	319267	0	371116	0	313810	513560	593236	232845	318074	0	0	0	404566	374733	0	0	0	275539	0	0	275251	283880	332832	271492
Heme_and_Siroheme_Biosynthesis	112158	109188	102777	99431	102814	117009	84964	0	110196	0	41381	86720	151788	65238	57693	0	0	0	109935	104226	0	0	0	68559	0	0	58239	60665	98617	47252
tRNAmodification_position_34	142124	135460	124582	120779	132262	148070	84145	0	123802	0	83533	150031	194921	79984	107600	0	0	0	153811	123142	0	0	0	84826	0	0	85592	75482	118788	84002
Phage_DNA_synthesis	12135	13104	12109	10200	12666	14089	0	0	4854	0	0	0	0	0	5099	0	0	0	12562	10395	0	0	0	4978	0	0	4309	0	10062	4190
Branched-Chain_Amino_Acid_Biosynthesis	182340	184932	174618	166841	173095	201472	144759	0	181372	0	144357	229266	266759	110468	159234	0	0	0	203460	185925	0	0	0	145295	0	0	94101	126633	155596	98575
Coenzyme_A_Biosynthesis	32759	39955	37513	31771	44584	42338	17833	0	32317	0	17385	32649	48592	16179	23391	0	0	0	39320	34026	0	0	0	30651	0	0	18021	25444	33531	18339
Pyridoxin_(Vitamin_B6)_Biosynthesis	76369	82898	76811	65237	82201	97149	28886	0	71504	0	26026	78361	86734	38955	43900	0	0	0	90080	62703	0	0	0	55869	0	0	37277	43942	65256	36331
Glutaredoxins	6410	7523	7092	5405	6544	7307	1695	26	2354	45	1531	2397	4136	1671	3202	2	533	130	6496	5876	0	3	0	2542	21	0	860	1430	5526	818
RuvABC_plus_a_hypothetical	34830	31925	29199	32112	35276	34877	28237	0	34144	0	29911	44374	48572	17110	25985	0	0	0	34916	34747	0	0	0	19919	0	0	21945	23288	29583	21678
Anaerobic_Oxidative_Degradation_of_L-Ornithine	5781	4803	2690	4531	5701	5533	712	0	3556	0	1942	2647	991	872	146	0	0	0	7623	5188	0	0	0	1240	0	0	87	1153	4416	111
CBSS-257314.1.peg.488	47177	50411	45505	42500	49124	50140	40473	0	42307	0	43603	61903	77063	28668	40414	0	0	0	47696	45453	0	0	0	34341	0	0	32153	35511	40593	32282
Heme,_hemin_uptake_and_utilization_systems_in_GramPositives	14658	12433	10944	11224	14175	14202	9965	0	9548	0	4805	10682	16969	9076	4921	0	0	0	15048	12076	0	0	0	12278	0	0	11837	8103	11272	11373
De_Novo_Purine_Biosynthesis	244943	243195	218107	217778	214013	257422	207896	0	216165	0	182597	261966	387780	141213	210346	0	0	0	255548	225974	0	0	0	185674	0	0	142891	168359	210280	140449
Glutathione:_Redox_cycle	13448	16803	15680	13855	16542	17279	3104	25	6911	0	0	6442	9443	5302	9221	2	535	130	18864	13820	0	0	0	5383	21	0	3959	3524	11077	3782
Queuosine-Archaeosine_Biosynthesis	97399	93165	86907	81766	86529	102883	63716	0	94079	0	55602	87142	143635	53645	62861	0	0	0	103612	74302	0	0	0	70263	0	0	54980	54509	84306	54599
Threonine_anaerobic_catabolism_gene_cluster	48561	45598	42677	43116	44897	52012	0	0	45199	0	2356	3777	0	29269	3381	0	0	0	47979	46142	0	0	0	36497	0	0	27043	0	40962	0
Fermentations:_Lactate	75217	63488	60523	65659	62138	73154	32915	0	63227	0	0	18194	0	43855	9097	0	0	0	70066	63040	0	0	0	49075	0	0	41992	0	63007	0
CBSS-326442.4.peg.1852	58524	67865	59825	55124	65699	66598	33738	0	49632	0	35907	57477	89189	35907	42810	0	0	0	67218	56176	0	0	0	38366	0	0	35182	31302	49172	30853
Entner-Doudoroff_Pathway	137945	131174	113657	122250	126775	152385	122611	0	137959	0	100519	180819	224616	83313	115004	0	0	0	142687	131374	0	0	0	107718	0	0	95741	102071	120256	94877
Ethanolamine_utilization	66624	55477	46367	54051	54162	61368	0	0	48356	0	0	0	0	35737	10083	0	19417	0	65574	58196	0	0	0	0	0	0	37419	0	54629	27863
Arginine_Biosynthesis_extended	41008	46493	51734	46574	43536	53573	49084	0	46861	0	42544	71362	78947	28203	51117	0	0	0	56546	47715	0	0	0	46330	0	0	31665	39530	52127	30948
tRNA_aminoacylation,_Trp	22934	21106	18672	20088	19833	22861	19501	0	19822	0	21513	28809	37780	14568	19236	0	0	0	23914	20953	0	0	0	16515	0	0	15101	17028	19284	14797
CBSS-320372.3.peg.6046	28483	32858	33129	27769	33185	30726	31389	0	30969	0	29397	44538	47972	17240	25528	0	0	0	29916	31096	0	0	0	23006	0	0	19926	23555	24612	19878
Serotype_determining_Capsular_polysaccharide_biosynthesis_in_Staphylococcus	69	61	58	0	57	36	192	3037	24	2248	547	329	744	0	483	3500	2811	3601	0	22	2683	2888	3784	401	6509	3243	0	333	101	24
Conserved_gene_cluster_possibly_involved_in_RNA_metabolism	38654	37277	34438	37255	34231	39636	30665	0	36056	0	32568	48097	57409	24092	32412	0	0	0	43165	38463	0	0	0	26988	15527	0	25483	26877	32819	25388
Unknown_sugar_utilization_(cluster_yphABCDEFG)	0	0	8	0	0	0	0	3035	0	6115	0	0	0	0	0	6573	9361	3457	0	0	5831	4844	6531	0	8682	10203	0	0	0	0
Nitric_oxide_synthase	6289	5830	5800	5269	6220	6361	5994	0	5302	549	6768	8244	11310	3564	7382	0	0	0	7002	5646	0	0	0	4508	0	0	6743	4572	4995	6685
CBSS-176299.4.peg.1996B	70105	64941	59746	51360	60029	69957	58655	0	65828	0	42199	56962	100588	36886	52160	0	0	0	70805	54696	0	0	0	54257	0	0	29427	32941	60230	42549
tRNAs	480	461	382	331	381	421	184	0	197	0	201	258	310	376	123	0	0	0	475	302	0	0	0	305	0	0	284	132	326	309
HPr_catabolite_repression_system	12661	10017	8502	9736	10980	10904	0	0	7457	0	0	0	0	8357	4376	0	0	0	12190	9041	0	0	0	0	0	0	4720	0	10170	4616
Arginine_Deiminase_Pathway	35881	39079	36341	34464	41888	41140	14160	4979	32669	6010	15188	23496	0	16448	32111	3771	0	6850	43008	43501	4814	0	3247	0	0	0	10918	22684	29365	10828
Ribonucleotide_reductase_cluster	47366	35758	45797	35132	40141	42026	29021	0	45022	12101	33244	50286	63800	22487	34968	0	8603	0	43373	41803	0	0	0	28192	0	0	31249	29560	38636	30526
CBSS-312309.3.peg.1965	59559	64240	60154	55387	60336	69131	59759	0	56199	0	44865	64292	104307	36970	55345	0	0	0	68885	59329	0	0	0	54231	0	0	32219	36736	50924	47306
CBSS-344610.3.peg.2335	14238	15875	15178	13911	14138	15896	12848	0	14157	0	14766	21817	22379	9260	13688	0	0	0	16692	15993	0	0	0	12214	0	0	7823	11443	12271	7767
Spore_Coat	6505	5949	5893	5272	6290	6429	6027	0	5303	666	6768	8344	11476	3619	7455	0	0	0	7734	5660	0	0	0	4560	0	0	6932	4661	5141	6875
Glycolysis_and_Gluconeogenesis,_including_Archaeal_enzymes	187625	170888	151131	168586	167694	198764	163270	0	187060	0	127698	211433	307279	102229	160319	0	0	0	194176	185822	0	0	0	129206	0	0	115063	128569	160585	113658
Ribonucleotide_reduction	107411	90609	95652	92081	91633	103127	83953	0	86300	0	93189	137193	151288	60720	83179	0	47003	0	108435	99975	0	0	0	76801	0	0	75409	72881	87362	74231
Cluster_Ytf_and_putative_sugar_transporter	32220	35959	34606	27758	33584	35949	26592	0	25746	0	29540	38379	55533	21104	31114	0	6361	0	32198	29088	0	0	0	27541	0	0	20979	23707	26827	20619
Putative_sugar_ABC_transporter_(ytf_cluster)	32220	35959	34606	27758	33584	35949	26592	0	25746	0	29540	38379	55533	21104	31114	0	6361	0	32198	29088	0	0	0	27541	0	0	20979	23707	26827	20619
A_conserved_operon_linked_to_TyrR_and_possibly_involved_in_virulence	5537	8991	9196	5632	9243	8980	1751	30	4825	83	1650	4573	5102	2211	3827	11	243	0	8034	6161	9	14	0	3791	0	0	1586	1986	4524	1636
Stringent_Response,_(p)ppGpp_metabolism	45744	45501	42287	40148	42450	49998	41248	0	42730	0	40970	58445	79644	27965	41206	0	0	0	45801	43758	0	0	0	37189	0	0	27829	35794	38516	27558
Experimental-yggC	8305	9026	8288	8477	9635	9888	4787	0	7664	0	6028	0	10647	4702	7179	0	900	0	10608	8332	0	0	0	5942	15	0	4379	5177	6606	4216
Cell_envelope-associated_LytR-CpsA-Psr_transcriptional_attenuators	5302	5044	4472	4044	4918	4835	2176	0	2607	0	3044	3543	4198	3989	2306	0	0	0	6158	4114	0	0	0	0	0	0	3272	1913	4114	3131
Pentose_phosphate_pathway	124077	124790	108353	112350	121565	137667	83616	0	108338	0	85025	137523	204171	72473	104999	0	0	0	126658	114610	0	0	0	106059	0	0	70369	79023	106096	69073
Leucine_Biosynthesis	75047	78720	76346	71837	72658	85397	73264	0	75209	0	66889	115094	125020	47649	73329	0	0	0	86595	80422	0	0	0	65482	0	0	43510	59427	64401	43034
Polyadenylation_bacterial	64004	64315	57493	58618	59639	69896	36403	0	58980	0	37928	64330	111879	38275	57430	0	0	0	68569	62155	0	0	0	50679	0	0	43442	48714	54642	42657
Sialic_Acid_Metabolism	175948	174130	162269	150807	179744	181146	109923	0	130050	0	63932	0	0	93964	122304	0	0	0	184687	163262	0	0	0	129432	0	0	106250	0	139712	108731
CBSS-176279.3.peg.1262	1234	1165	1034	1040	1311	1276	495	0	672	0	0	885	1095	958	443	0	0	6	1438	1018	0	0	0	953	0	0	796	562	967	730
Tellurite_resistance:_Chromosomal_determinants	5892	6717	6079	4974	8892	6742	3268	17	4351	92	3533	3977	8215	3942	4413	5	296	0	6067	5299	0	17	0	5377	19	0	2325	2700	6447	2333
Scaffold_proteins_for_[4Fe-4S]_cluster_assembly_(MRP_family)	43335	50658	49038	44096	46953	52960	33387	0	39800	0	35818	0	64504	26381	41791	0	0	0	52630	46988	0	0	0	34396	0	0	28173	32747	36079	29613
pyrimidine_conversions	145513	146944	131246	124157	173545	178041	69481	0	119746	0	64941	119124	217453	78437	90784	0	0	0	179076	119992	0	0	0	105606	0	0	80787	69052	120758	80167
Methanogenesis_strays	5772	3449	2257	4230	5089	4790	2373	0	3523	0	3713	4503	3994	2965	1628	0	0	0	5479	4494	0	0	0	645	0	0	2538	3318	4401	2405
5-FCL-like_protein	227911	220593	198999	192745	212583	245539	210284	0	205294	0	151536	0	0	122644	198128	0	0	0	239044	202447	0	0	0	195029	0	0	126548	150977	209619	123787
Beta-lactamase_cluster_in_Streptococcus	63723	56257	50536	52912	64082	65973	32165	22974	52587	22874	31179	52823	61999	30503	39056	21803	22698	29239	70363	57635	18567	18683	18979	41944	22174	17535	36423	29568	51469	35903
Ribosomal_protein_S12p_Asp_methylthiotransferase	44876	40175	39206	40134	40248	46911	45301	0	46496	0	39126	67372	81505	21845	47446	0	0	0	44937	42521	0	0	0	31135	0	0	36620	39802	36861	35902
Propionyl-CoA_to_Succinyl-CoA_Module	14827	13082	8839	14330	12247	15595	15264	39274	23755	37042	10152	28889	23100	6516	17769	54449	36351	48391	19771	13386	35758	35950	37606	4789	38255	38174	12566	15736	13085	12690
Serine-glyoxylate_cycle	339550	321756	310944	298716	303344	351702	239447	0	346001	0	193421	308069	621955	183785	242481	0	0	0	343993	314844	0	0	0	270455	0	0	252344	268454	289412	248470
Transport_of_Nickel_and_Cobalt	0	0	494	0	0	0	98	13324	0	12664	0	0	0	0	0	16009	0	14260	0	889	16257	10241	9515	0	9730	10820	0	0	0	0
Protein_chaperones	129561	119988	104278	106387	116217	134485	97424	0	100855	0	91459	147432	208615	56046	93433	0	0	0	129228	101590	0	0	0	85488	0	0	76108	92592	113119	75021
Unknown_carbohydrate_utilization_(_cluster_Ydj_)	22705	22817	20394	19178	20802	22417	15719	4008	16530	3615	17485	23422	30146	14665	15165	6017	5454	4783	21905	19169	3069	4312	6077	14686	5537	0	12201	14720	18557	11914
Extracellular_Polysaccharide_Biosynthesis_of_Streptococci	5726	6838	5756	3888	5546	5383	2807	268	2868	58	2961	3374	3855	5010	2529	100	76	231	8942	3172	22	138	111	4656	19	162	3252	2306	5312	4104
Cell_division-ribosomal_stress_proteins_cluster	170926	160593	149257	150905	155580	177153	126793	0	149545	0	139569	191339	238462	0	128486	0	0	0	176752	156311	0	0	0	125638	0	0	95566	109128	144116	94189
tRNA_aminoacylation,_Ile	51881	48852	42604	46153	45637	54350	52483	0	50217	0	52593	81757	92249	31279	47574	0	0	0	54006	47643	0	0	0	37482	19734	0	40100	43523	44309	38655
Teichuronic_acid_biosynthesis	8377	7102	7444	8043	5571	7303	0	18383	10517	20775	0	0	0	0	0	0	19073	20380	7150	7660	16395	16662	20473	0	24483	21667	0	0	7287	0
Ribosomal_protein_S5p_acylation	9090	7943	7893	8413	8436	9538	10601	0	8903	0	10582	14960	17886	6014	8797	0	0	0	8460	9422	3659	0	0	7471	0	0	7603	8439	7725	7411
Streptococcus_pyogenes_virulence_regulators	8608	9445	9778	9398	7238	7917	7309	2346	6312	1494	8662	10262	13832	5842	5111	2092	1638	2865	9784	6691	1398	2251	0	9412	632	0	7675	6642	7340	7366
Gram-Positive_Extracellular_Nucleases	2954	2635	2600	2057	1913	1893	904	0	986	0	1796	1373	1316	2226	901	0	0	24	3270	1378	0	0	0	1773	0	0	1160	662	2185	1177
Glycine_and_Serine_Utilization	107592	108858	96246	84512	97470	123425	70182	0	107786	0	55176	80747	132269	57369	53252	0	79964	0	115493	88899	0	0	0	81117	0	0	47849	65083	102423	47133
Thioredoxin-disulfide_reductase	54153	50736	46821	47946	45224	51847	8268	0	0	0	6036	13122	0	0	8400	0	0	0	56392	24675	0	0	0	0	0	0	9941	7477	45335	9692
Flavohaemoglobin	17752	18052	16932	13772	17245	20456	18976	3	19579	1196	18974	25575	37702	10135	20206	0	446	0	17476	14170	0	14	0	16210	0	0	13339	16387	16173	13027
MLST	73167	66866	60351	53400	73764	75413	26537	0	47827	0	18229	25105	89809	29661	30759	0	0	0	80092	59450	0	0	0	46879	0	0	22867	11675	61244	7639
Glutathionylspermidine_and_Trypanothione	9365	14644	13023	9315	15618	15150	3232	70	7732	136	4264	8664	13700	5395	10381	0	1023	0	13811	10413	0	29	0	9734	64	0	4949	5782	7693	4963
Calvin-Benson_cycle	157281	149111	131558	142037	144912	164849	133871	0	144687	0	124149	189457	258161	89515	136989	0	83133	0	161615	145054	0	0	0	119434	0	0	87897	112589	132720	86247
Cobalt-zinc-cadmium_resistance	12240	9813	7972	9847	11748	11595	4643	0	8156	0	0	0	8975	8077	0	0	0	0	11593	8233	0	0	0	0	0	0	0	0	9831	6569
tRNA_aminoacylation,_Met	34768	32630	29819	31875	30032	35610	30128	0	31750	0	31955	45870	54623	21404	30001	0	18894	0	36322	33403	0	0	0	24095	14578	0	23964	26502	28922	23666
Intracellular_septation_in_Enterobacteria	1701	2710	2167	1606	2963	2807	0	0	1330	0	0	1565	0	980	0	0	169	0	2471	1767	11	0	0	1722	0	0	0	0	3230	0
Pyruvate_metabolism_I:_anaplerotic_reactions,_PEP	136016	132957	125619	132346	123110	142508	98464	0	137054	0	42821	126035	196100	70517	96434	0	87779	0	147498	133301	0	0	0	85751	0	0	69798	92062	117277	68190
Translation_termination_factors_bacterial	98689	106538	98144	81938	99400	117107	69934	0	93060	0	71400	104853	141766	48960	76418	0	0	70532	102277	84037	0	0	0	79001	0	0	51259	57130	93963	50311
Tryptophan_catabolism	17293	13815	13143	14220	12750	15698	12221	6153	12443	2972	10004	12724	18717	11698	5721	0	5262	5805	13180	14138	0	0	0	13859	0	0	6942	7733	15122	6674
CBSS-306254.1.peg.1508	15238	12335	12561	11792	9265	13610	19202	0	13690	0	18516	23323	31488	8837	14736	0	0	0	12421	11971	0	0	0	13814	0	0	10479	13289	13407	10863
Glycogen_metabolism	138171	132669	105725	122162	136560	151873	76229	0	87880	0	101853	144425	171862	74797	81551	0	72260	0	153075	127994	53727	0	0	100601	0	0	67227	79653	112387	66577
Bacterial_signal_recognition_particle_(SRP)	43765	41344	38027	39051	37799	45172	40807	0	39945	0	24635	0	70288	25982	36668	0	0	0	44068	41295	0	0	0	31729	0	0	26425	31943	37594	26272
Carbon_Starvation	19269	20276	20124	17065	22562	23915	15050	0	22684	0	16431	23919	35769	11554	17859	0	7259	0	19887	19503	0	0	0	19206	0	0	9502	12573	16481	9223
CBSS-251221.1.peg.1863	23640	22537	20266	19839	22063	24841	20209	0	21037	0	22216	0	38845	13682	21536	0	0	0	22436	21177	0	0	0	18472	0	0	14946	17372	20054	14891
Alpha-acetolactate_operon	2520	2431	2009	2292	1922	1861	2130	0	1029	0	2062	2280	2825	2067	1388	0	0	0	3918	1378	2	0	0	1684	0	0	1118	1324	2029	1086
Nitrate_and_nitrite_ammonification	45396	64884	67274	48478	58905	64525	43150	0	50766	9192	53181	82709	95200	27334	69563	6060	8906	0	68005	57229	5696	2436	0	57996	11248	0	35270	45921	39712	33754
At2g23840	63949	55958	51645	56600	55725	66412	58082	0	64266	0	61487	87304	106633	39608	53783	0	0	39819	65538	60223	0	0	0	46886	24036	0	47570	50189	55801	46420
tRNA_aminoacylation,_Ser	24823	23029	20981	22954	21973	25092	23371	0	22947	9901	23709	33654	40269	15890	20760	0	0	13728	25716	24385	7791	0	0	17423	0	0	17231	19169	20817	17268
At5g04520_AT1G06240	65315	69208	63205	62883	65313	75522	45288	0	0	0	43021	60301	82689	35915	41261	0	0	0	69920	62003	0	0	0	54706	0	0	32501	37607	56202	33798
Glycolysis_and_Gluconeogenesis	252148	227256	198754	222938	218487	260840	213039	0	242727	0	181344	287894	397657	137945	205268	0	178523	0	254744	234586	0	0	0	171346	0	0	150244	177611	215854	148006
Cinnamic_Acid_Degradation	17293	13815	13143	14220	12750	15698	12221	6157	12443	2972	10004	12724	18717	11698	5721	0	6545	5805	13180	14138	0	2193	0	13859	1281	0	6942	7733	15122	6674
CBSS-257314.1.peg.676	36648	30977	28534	32720	41499	27372	27678	10058	26050	8914	22993	38504	39004	12987	22261	10755	12741	12613	38771	28591	6489	8554	9264	23313	0	9523	31251	19514	30544	30373
tRNA_aminoacylation,_Cys	24691	22174	20250	21817	20968	25444	20809	0	23200	0	0	32655	39256	16542	20528	0	0	0	26402	23167	0	0	0	17328	0	0	16890	17920	20859	16474
Gram_Positive_Competence	9826	12231	11022	7246	12006	11931	3560	0	6130	0	0	0	9506	6753	3345	0	0	0	10199	6362	0	0	0	0	0	0	0	0	7404	0
Biphenyl_Degradation	17293	13815	13143	14220	12750	15698	12221	6153	12443	2972	10004	12724	20291	11698	5721	0	5404	5805	13180	14138	0	0	0	14526	0	0	6942	7733	15122	6674
Transcription_factors_bacterial	121512	114290	105216	88302	105022	121796	63283	0	86654	0	69932	92226	182281	0	94342	0	0	0	119929	102117	0	0	0	97510	0	0	63421	51984	102971	62984
De_Novo_Pyrimidine_Synthesis	158872	138599	131559	137046	123053	153352	107143	0	0	0	100725	146118	201469	80959	86476	0	0	0	156346	118780	0	0	0	123453	0	0	88267	85967	136147	87983
Mannose_Metabolism	37580	55933	47946	43410	51968	40186	13405	0	0	0	8760	14029	0	0	14728	0	0	0	62425	45749	0	0	0	0	0	0	0	9937	30822	24277
tRNA_aminoacylation,_Gly	46802	43986	39753	40680	42658	49253	39863	14114	44055	11915	41477	60731	72782	28923	39097	14769	12342	16123	48166	43296	9871	11984	11948	32472	9492	12405	30230	34552	39729	29303
A_Gammaproteobacteria_Cluster_Relating_to_Translation	53332	52978	48845	49439	58494	58845	48371	22579	50977	20318	48389	70672	84742	31023	45086	0	21451	28135	57827	51400	0	0	0	37649	0	0	38991	40036	46511	38337
tRNA_aminoacylation,_Pro	34517	33418	29936	31725	31700	36958	29320	0	32689	12229	30977	44593	53631	21245	27492	0	12725	17493	36653	33385	9531	0	0	24842	8878	0	21659	24810	29329	21664
Glycogen_metabolism_cluster	112621	107586	82446	101330	110043	126606	64628	0	73197	0	85531	125060	145152	57524	67300	0	61868	0	126645	105258	45072	0	0	77637	0	0	52622	67100	93051	51948
Proline,_4-hydroxyproline_uptake_and_utilization	25164	24803	22215	21945	24417	30743	0	0	0	0	7949	9329	0	0	10553	0	0	0	12781	18707	0	0	0	0	16	0	122	6297	23397	95
Methionine_Biosynthesis	255497	253686	247312	208755	250242	269735	134108	0	0	0	74886	184813	294871	123569	162232	0	0	0	287970	252140	0	0	0	194123	0	0	137989	115798	211942	137167
Competence_in_Streptococci	9033	7263	7299	4571	8630	8512	5195	0	3677	14	4540	8577	9091	4680	2100	0	0	29	6103	4609	2	0	0	8969	0	0	10315	4904	5820	9912
At5g63420	111711	119016	109524	106534	111664	132311	90208	0	109160	0	86456	136472	158191	0	98412	0	0	0	116560	112060	0	0	0	88333	0	0	0	71775	104558	57859
Quorum-sensing_in_Vibrio	6656	6233	6224	5817	5783	6765	5002	2346	5698	1597	5847	6682	9935	4025	4125	2092	1681	3026	6423	5913	1516	2251	0	5423	0	0	3781	4544	5794	3686
Vibrio_Polysaccharide_(VPS)_Biosynthesis	21061	19105	20864	21269	18450	12207	9957	0	0	0	9152	13530	16515	6597	8910	0	0	0	16632	24417	0	0	0	8284	0	0	14900	7225	17075	14132
Formate_dehydrogenase	16057	27321	27054	16147	22339	21591	8047	0	15282	177	12798	17801	29712	9252	23743	0	1964	0	22963	18393	0	42	0	21030	131	0	8462	10862	12755	8577
DNA_structural_proteins,_bacterial	19413	30957	31211	18066	34661	33048	7190	0	16597	1548	10147	17902	33217	10656	22689	0	1804	0	26981	19906	0	0	0	22537	0	0	10718	12980	15653	10460
CBSS-393121.3.peg.2760	101220	103895	98273	85352	100094	108251	77207	53199	84294	0	77455	115094	137450	47526	69713	0	0	69362	113487	89386	0	0	0	71644	0	0	57920	62268	85026	54468
tRNA_aminoacylation,_Asp_and_Asn	89021	78138	70776	79439	80532	90756	80432	30582	80697	25714	66429	101052	137789	56283	71632	32454	28964	35499	89856	87254	19787	26016	26550	58447	19599	26316	60393	65145	73011	59449
tRNA_aminoacylation,_Glu_and_Gln	73772	68412	63718	68522	65918	79339	72336	0	75805	24030	57063	86199	123995	48186	64899	30172	25476	31966	75461	74520	18972	0	21475	55034	19113	0	50796	57604	62864	50663
RNA_modification_and_chromosome_partitioning_cluster	64120	64139	57095	52683	60374	71182	29329	0	0	0	31037	64119	80822	37132	45639	0	0	0	72379	54355	0	0	0	32855	0	0	43936	26005	61596	37256
Flagellum	23631	22844	24987	22388	21558	24179	23999	0	21519	0	0	35171	43134	14105	23202	0	0	0	22828	24435	0	0	0	19417	0	0	17129	20474	19976	16777
Single-Rhodanese-domain_proteins	3219	3769	2891	2668	2950	3354	3660	0	1689	9	0	4356	5551	2716	2906	0	240	23	3419	2526	0	0	2	3209	17	0	2547	2508	2632	2394
HtrA_and_Sec_secretion	101724	98793	86442	71756	104139	108015	84505	0	0	0	55382	85477	151282	48367	75351	0	0	0	108089	77441	0	0	0	67101	0	0	66125	69668	85492	64476
Transcription_factors_cyanobacterial_RpoD-like_sigma_factors	23635	22847	23021	22391	21560	24186	24004	0	21522	0	0	35176	43138	14108	23202	0	0	0	22833	24449	0	0	0	19417	0	0	17138	20476	19977	16785
Transcription_initiation,_bacterial_sigma_factors	34317	37164	37065	33335	34883	38787	33608	0	30187	0	0	0	0	17469	35201	0	0	0	34951	36520	0	0	0	30827	0	0	0	26339	29427	0
Universal_stress_protein_family	3055	4985	5220	3025	5148	5045	971	0	2622	57	2122	2580	5760	2036	3952	4	581	3	4193	3499	0	27	0	4443	29	0	1996	2250	2454	1931
Serine_Biosynthesis	29437	41650	41872	27376	39064	45459	21241	0	29988	22973	21021	31888	39269	17654	20588	0	25233	0	45666	28276	0	0	0	27100	0	0	16106	17886	33884	15652
Cysteine_Biosynthesis	46691	45436	48367	38901	34882	48265	53396	0	46691	0	22866	53563	94362	29483	40362	0	0	0	35983	43027	0	0	0	50356	0	0	23974	28885	42021	22613
L-fucose_utilization_temp	0	0	0	0	0	0	0	0	0	39882	0	0	0	0	0	43126	38792	36487	0	0	39539	37436	0	0	34261	30849	0	0	0	0
Proteolysis_in_bacteria,_ATP-dependent	173029	168211	155181	159177	162680	186045	167365	0	160749	0	172301	249832	306560	97939	166358	0	87276	113356	180774	160569	0	0	0	136311	0	0	110903	138140	152908	116046
MukBEF_Chromosome_Condensation	16215	28048	28710	17104	33248	31669	5516	21	15267	574	10147	16961	30526	9894	21245	0	1142	0	24045	18882	6	0	0	21003	0	0	9238	12149	13100	8933
Propanediol_utilization	28488	24037	20050	22850	28401	30930	2619	0	30307	0	9499	9643	43585	11570	4897	0	0	0	31592	24492	0	0	0	19491	0	0	20307	6509	23706	9422
Succinate_dehydrogenase	31468	40373	36456	30453	34313	41063	41644	0	40159	0	41271	64211	78408	17506	46648	0	21138	0	36866	33893	0	0	0	33399	0	0	27755	34897	28672	25571
D-Alanyl_Lipoteichoic_Acid_Biosynthesis	15119	13200	11513	10858	13604	13374	5260	0	0	0	6313	8045	0	0	0	0	0	0	14933	11254	0	0	0	8759	0	0	7237	4537	11729	7198
Formate_hydrogenase	35252	59523	76482	43773	56942	52225	0	40	34626	203	0	0	48217	18082	38408	0	4381	3	47600	45395	9	62	0	37847	55	0	20639	0	28936	20516
Inositol_catabolism	24036	20912	9101	32441	46028	44659	0	0	19124	0	5635	0	0	15957	0	0	1022	0	33268	11391	0	0	0	0	0	0	113	7387	20022	105
Na(+)-translocating_NADH-quinone_oxidoreductase_and_rnf-like_group_of_electron_transport_complexes	48388	71151	55988	38287	72426	84389	46928	0	49564	0	38777	50468	114708	25628	54530	0	0	0	67948	51911	0	0	0	50498	0	0	25033	37971	47380	24109
Redox-dependent_regulation_of_nucleus_processes	42440	38493	34583	39023	45165	42654	40223	0	40435	0	24866	56243	67518	27366	34315	0	20920	24764	40993	39583	14658	0	0	34553	0	0	24031	30553	36811	23409
Sucrose_utilization	32489	34279	30455	28334	42003	35587	11480	0	21945	0	1031	10446	20746	20318	14054	0	0	0	0	28862	0	0	0	0	0	0	0	5289	26628	0
tRNA_aminoacylation,_Thr	35659	32228	29475	32584	33674	37953	36803	0	33119	0	36399	56225	64990	21999	33061	0	16238	22524	36281	35464	12035	0	0	26498	11279	0	28758	31239	30013	28174
tRNA_aminoacylation,_Tyr	23965	22437	21079	21911	20334	24155	22070	0	22264	10407	23895	33581	40871	15126	20962	12875	0	14183	24528	22477	8886	0	0	17576	0	0	18872	19723	19924	18193
C_jejuni_colonization_of_chick_caeca	21802	19756	24152	20804	19724	22298	2309	0	23762	0	0	5966	33912	12851	3490	0	0	0	22282	22150	0	0	0	16339	0	0	15713	0	19506	4538
tRNA_aminoacylation,_Leu	50988	48638	42298	45550	45383	53130	46162	0	48444	21602	47821	74069	82744	28876	43229	0	0	32063	54487	49478	20107	0	0	35330	19634	0	37261	40660	43037	36828
The_Chv_regulatory_system_of_Alphaproteobacteria	9093	6915	0	6739	7378	7412	3476	0	5787	0	0	4741	0	5572	3149	0	0	0	8169	6419	0	0	0	0	0	0	0	0	8274	2545
Zinc_regulated_enzymes	76544	69069	62528	60853	56462	75466	52491	0	0	0	30812	66174	101534	32107	47145	0	0	0	79009	48257	0	0	0	54717	0	0	37059	36610	73992	36240
Divergent_RNA_modification_related_clusters	3523	3377	2964	2898	2989	2779	1931	0	1481	0	1932	0	3410	2547	1360	0	0	0	4522	2580	0	0	0	0	0	0	0	0	2740	0
TCA_Cycle	160488	160269	158910	138703	131951	171516	234644	0	169783	0	146897	242147	424433	95441	215317	0	0	0	128637	129689	0	0	0	183133	0	0	107787	143038	144985	106350
