	mgm4472160.3	mgm4472167.3	mgm4472253.3	mgm4472255.3	mgm4472304.3	mgm4472305.3	mgm4472312.3	mgm4472337.3	mgm4472353.3	mgm4472361.3	mgm4472397.3	mgm4472419.3	mgm4472428.3	mgm4472444.3	mgm4472462.3	mgm4472464.3	mgm4472467.3	mgm4472473.3	mgm4472484.3	mgm4472495.3	mgm4472580.3	mgm4472586.3	mgm4472682.3	mgm4472751.3	mgm4472934.3	mgm4473326.3	mgm4473472.3	mgm4473666.3	mgm4478487.3	mgm4478571.3	median	mean	sd	F_stat	p	bonferroni_p	BH_p
1	0	0	0	0	0	0	0	26350	0	29519	0	0	0	0	0	33186	28434	28386	0	0	28893	29720	29033	0	25113	22828	0	0	0	0	0	9382.06666666667	13586.6895461326	990.87512117861	5.41889326483e-26	4.10752109474114e-23	4.10752109474114e-23
2	4785	1473	6439	3236	6116	6704	10593	164969	8085	168622	8747	22299	20730	1166	17858	187829	177440	208953	5280	5790	178117	193313	152295	2819	157822	152293	9831	9486	4361	9618	9724.5	63568.9666666667	80357.4484303741	688.007576963906	6.88761607697838e-24	5.22081298634961e-21	2.61040649317481e-21
3	25069	26629	25705	22609	25627	28753	0	0	23665	0	0	0	4654	0	3584	0	0	0	25928	23438	0	0	0	0	0	0	8122	1878	21271	7300	939	9141.06666666667	11563.2513711008	376.456057053578	1.9089489886873e-20	1.44698333342497e-17	4.82327777808323e-18
4	127719	131451	126035	117528	133954	151142	69271	0	133594	0	58503	95988	116695	55125	64133	0	0	0	144844	127834	0	0	0	73161	0	0	65883	56152	124099	65727	65805	67961.2666666667	56156.9372224153	272.333345166828	1.26468344337264e-18	9.5863005007646e-16	2.08639203675488e-16
5	7029	6554	6316	8604	9957	10889	5446	55562	8547	60105	8477	15372	24361	4374	22751	66775	64038	57407	9040	7163	58852	55690	61673	21324	54304	50940	5913	10247	5573	6271	10568	26318.4666666667	23817.3214521286	270.549004186964	1.37624804535282e-18	1.04319601837744e-15	2.08639203675488e-16
6	30620	29643	26490	28286	26428	31274	0	0	22955	0	0	0	0	0	0	0	0	0	28724	22679	0	0	0	0	0	0	0	0	25886	14507	0	9583.06666666667	13112.815907725	237.344365586246	7.37135188815645e-18	5.58748473122259e-15	9.31247455203765e-16
7	30737	30083	26729	27128	27439	28220	9431	0	24070	0	9835	13672	16098	14707	16882	0	0	0	30842	28857	0	0	0	23215	0	0	15011	6548	26479	14725	14716	14023.6	11992.8258313331	226.481464285014	1.34000660561426e-17	1.01572500705561e-14	1.45103572436516e-15
8	49572	43705	42716	44549	43495	51039	25270	0	46855	0	21620	34829	41511	29818	23164	0	0	0	50536	48871	0	0	0	31402	0	0	38400	16348	41781	37796	30610	25442.5666666667	20138.7410004104	205.864104442998	4.50578814585e-17	3.4153874145543e-14	4.26923426819288e-15
9	6253	5709	5885	6622	6289	6042	4397	2	6302	0	4206	6845	4620	4519	4160	2	814	0	6692	7293	0	21	6	3095	14	0	5075	3569	4709	5020	4458	3605.36666666667	2710.26234235135	192.615309223617	1.04476230944788e-16	7.9192983056149e-14	8.79922033957211e-15
10	39834	43705	42591	38681	43699	40033	28643	0	39333	0	29904	47006	35768	19552	29242	0	0	0	49732	40537	0	0	0	24721	0	0	27053	24984	33102	27026	27848	23504.8666666667	18234.9356470094	181.622493669188	2.18955982897348e-16	1.6596863503619e-13	1.6596863503619e-14
11	25300	25924	24301	23973	30854	30606	13970	0	21696	0	15454	21461	26539	13150	13930	0	0	0	26597	24987	0	0	0	19313	0	0	16518	12534	20742	16709	15986	14151.9333333333	11201.0471983752	168.687228185147	5.52731022016748e-16	4.18970114688695e-13	3.80881922444268e-14
12	51472	49336	54935	47774	61517	51976	16569	0	43747	0	15120	37355	46026	22569	24670	0	0	0	57093	44917	0	0	0	23835	0	0	28369	22320	42207	24959	24252.5	25558.8666666667	21871.9756715006	154.108636175245	1.70413728766996e-15	1.29173606405383e-12	1.07644672004486e-13
13	79457	81059	68872	63825	78061	87653	46634	0	70743	0	39239	59503	90938	41905	63406	0	0	0	80313	67080	0	0	0	54147	0	0	46235	39101	77565	45481	46434.5	42707.2333333333	33579.1334679875	147.580803347913	2.91349818543429e-15	2.20843162455919e-12	1.69879355735323e-13
14	126443	115025	113999	112210	96064	124813	96021	0	117779	0	95466	133242	160506	76945	99842	0	0	0	118031	114264	0	0	0	111464	0	0	72058	71490	109717	71805	95743.5	71239.4666666667	54418.2937893786	123.199675425985	2.67082140884505e-14	2.02448262790455e-11	1.44605901993182e-12
15	69230	59651	56815	60243	59229	72953	43781	0	60327	0	35782	48436	82313	40639	32295	0	0	0	82799	68261	0	0	0	46253	0	0	45566	29028	60115	45046	44413.5	36625.4	29163.4393856417	117.918323508235	4.54622492952865e-14	3.44603849658272e-11	2.23170212537589e-12
16	4968	3651	1337	2346	2479	4206	5245	65831	5435	58406	4286	7371	9409	1807	4961	80523	63632	59239	4330	1941	89899	29871	76287	1129	95069	82548	5760	4627	4705	5646	5340	26231.4666666667	33341.6573132681	117.572779456836	4.71071688733697e-14	3.57072340060143e-11	2.23170212537589e-12
17	155823	181729	166648	127505	176257	195764	93718	0	118596	0	76014	134238	171387	79897	82671	0	0	0	182405	141320	0	0	0	107122	0	0	90487	82100	129373	85999	88243	85968.4333333333	69981.617132365	115.8772298362	5.61597190812168e-14	4.25690670635623e-11	2.50406276844484e-12
18	62705	58664	50324	48584	61241	67413	41807	0	53643	0	44243	65163	67463	34136	42512	0	0	0	78644	53862	0	0	0	39198	0	0	30847	35267	53223	35592	40502.5	34151.0333333333	26808.7578787017	114.873829380529	6.23839936675117e-14	4.72870671999739e-11	2.62705928888744e-12
19	25615	24216	21412	21578	24258	24114	13702	0	15046	0	17012	20284	26702	16833	14314	0	0	0	28865	16177	0	0	0	17954	0	0	13276	12037	21504	12656	14680	12918.5	10183.0040576409	107.497286128564	1.38686719588994e-13	1.05124533448458e-10	5.53287018149777e-12
20	200048	193279	178733	171311	191410	227444	145940	0	170225	0	121125	193838	247548	106190	138426	0	0	0	232848	191097	0	0	0	139697	0	0	96849	106341	169360	95641	129775.5	110578.333333333	87733.4629601984	104.499169428614	1.94598749057514e-13	1.47505851785596e-10	7.37529258927978e-12
21	179187	185011	178146	162154	182818	206703	108824	0	145681	0	92336	173921	217829	80179	109232	0	0	0	209112	158901	0	0	0	96366	0	0	93518	103624	160037	92588	99995	97872.2333333333	79378.5847562754	103.504228029931	2.18164897596419e-13	1.65368992378086e-10	7.87471392276599e-12
22	167422	150931	143578	144881	151105	174639	0	0	146834	0	0	0	0	99331	71779	0	0	0	163606	147210	0	0	0	0	0	0	82605	0	140923	69651	0	61816.5	71356.1957094175	101.025718227121	2.91282940358415e-13	2.20792468791678e-10	1.00360213087126e-11
23	33304	33416	30860	29696	31787	35928	22447	0	30471	0	25433	34502	45290	20731	27054	0	0	0	36209	31043	0	0	0	22951	0	0	16535	19289	28657	16146	22699	19058.3	14943.5688350403	99.2037227188906	3.61692367922299e-13	2.74162814885102e-10	1.13399528853805e-11
24	8290	7039	6600	6324	7420	7047	4795	0	3384	21	5366	6051	7299	6002	4207	0	0	83	10128	7048	0	0	0	4790	0	0	5162	3495	6399	5145	4970	4069.83333333333	3205.42003362337	99.1727662535761	3.63036219864992e-13	2.75181454657664e-10	1.13399528853805e-11
25	9168	9594	12931	8577	12928	12664	2260	49	7498	274	3766	5874	5129	4145	7965	0	265	11	11591	10675	35	0	0	4234	0	0	3317	1809	7248	3121	3955.5	4837.6	4556.86889325827	98.3394932395338	4.01301517656056e-13	3.0418655038329e-10	1.13399528853805e-11
26	17639	14454	12260	13910	16739	16521	5961	0	10146	32	7366	11242	13520	10785	2644	0	0	0	16282	10658	10	0	0	8973	0	0	9639	8124	14274	9302	9137.5	7682.7	6378.51554533412	98.3296846245347	4.01776954954171e-13	3.04546931855262e-10	1.13399528853805e-11
27	31934	35333	37546	33105	30608	36315	15933	0	24537	0	17361	23866	29858	15317	18102	0	0	0	35811	35719	0	0	0	24165	0	0	20281	12138	27927	0	17731.5	16861.8666666667	14575.953607494	98.2854269980954	4.03929720191652e-13	3.06178727905272e-10	1.13399528853805e-11
28	410041	433085	402828	324060	412238	457985	232877	0	343536	0	207340	358009	512311	199269	271628	0	0	0	461816	320469	0	0	0	277459	0	0	220456	195121	351041	213323	226666.5	220163.066666667	177749.103484219	95.3742543567753	5.7678739374709e-13	4.37204844460294e-10	1.55111138119629e-11
29	35687	39297	44774	35523	48595	42799	9430	0	24786	0	7265	26793	31543	17752	16623	0	0	0	45255	32429	0	0	0	18461	0	0	21268	15939	28588	20960	18106.5	18792.2333333333	16760.9675131885	95.1450472622755	5.93433114178e-13	4.49822300546924e-10	1.55111138119629e-11
30	7190	6985	6093	5815	6083	6759	2449	0	3311	3	3357	4375	4958	5400	2412	0	0	2	8409	5214	0	0	0	4677	0	0	3922	2239	5881	3922	3639.5	3315.2	2763.43371363512	94.1125215863721	6.75084236980164e-13	5.11713851630964e-10	1.70571283876988e-11
31	40961	55407	52750	48566	45496	53664	30302	0	51876	0	22861	59553	55756	26405	37078	0	0	0	53747	50943	0	0	0	46899	0	0	28689	25485	36029	33064	31683	28517.7	22626.9965674969	92.674773685661	8.09501636954448e-13	6.13602240811472e-10	1.97936206713378e-11
32	4320	2804	2383	3330	0	0	0	6755	0	8198	0	0	0	0	0	8935	10284	6871	3479	0	7187	6778	5373	0	7203	6774	0	0	3297	0	2593.5	3132.36666666667	3433.05857884003	89.5771954329023	1.20728793743003e-12	9.15124256571966e-10	2.85976330178739e-11
33	35623	36221	33737	31585	33976	38668	24507	0	32639	0	27603	36531	50858	21988	30047	0	0	0	38240	33115	0	0	0	25933	0	0	17264	20765	30812	16877	25220	20566.3	16196.2005530671	89.0281590695635	1.29754736792293e-12	9.83540904885585e-10	2.98042698450177e-11
34	34213	33847	29369	29257	31918	33590	23738	0	21802	0	30101	40014	48086	23315	23244	0	0	0	33816	27661	0	0	0	25721	0	0	21346	24389	27549	20812	23526.5	19459.6	15058.913787361	88.3772559795804	1.41404473584167e-12	1.07184590976798e-09	3.15248796990584e-11
35	27241	25930	23881	25545	24393	28649	25353	0	24824	0	24626	37149	41756	17578	22491	0	0	0	29528	27220	0	0	0	18544	0	0	19268	20180	23482	19199	21335.5	16894.5666666667	13063.9962774329	88.1386958669225	1.45951391979776e-12	1.1063115512067e-09	3.16089014630485e-11
36	394805	365459	329376	356852	355422	408469	319267	0	371116	0	313810	513560	593236	232845	318074	0	0	0	404566	374733	0	0	0	275539	0	0	275251	283880	332832	271492	298845	236352.8	183134.361781914	87.2944562961832	1.63346993900151e-12	1.23817021376314e-09	3.43936170489762e-11
37	112158	109188	102777	99431	102814	117009	84964	0	110196	0	41381	86720	151788	65238	57693	0	0	0	109935	104226	0	0	0	68559	0	0	58239	60665	98617	47252	62951.5	59628.3333333333	48581.5350273043	86.9350993813913	1.71416033113671e-12	1.29933353100163e-09	3.51171224595034e-11
38	142124	135460	124582	120779	132262	148070	84145	0	123802	0	83533	150031	194921	79984	107600	0	0	0	153811	123142	0	0	0	84826	0	0	85592	75482	118788	84002	84485.5	78431.2	62035.2240749365	86.6278753704448	1.78654254309382e-12	1.35419924766512e-09	3.56368223069768e-11
39	12135	13104	12109	10200	12666	14089	0	0	4854	0	0	0	0	0	5099	0	0	0	12562	10395	0	0	0	4978	0	0	4309	0	10062	4190	0	4358.4	5369.99254221533	86.1567340658817	1.90399627210996e-12	1.44322917425935e-09	3.70058762630603e-11
40	182340	184932	174618	166841	173095	201472	144759	0	181372	0	144357	229266	266759	110468	159234	0	0	0	203460	185925	0	0	0	145295	0	0	94101	126633	155596	98575	144558	110969.933333333	86853.5719055585	85.4812448266133	2.08709189356489e-12	1.58201565532219e-09	3.95503913830547e-11
41	32759	39955	37513	31771	44584	42338	17833	0	32317	0	17385	32649	48592	16179	23391	0	0	0	39320	34026	0	0	0	30651	0	0	18021	25444	33531	18339	20865	20553.2666666667	16784.75131231	85.1560363131858	2.18190795416888e-12	1.65388622926001e-09	4.03386885185368e-11
42	76369	82898	76811	65237	82201	97149	28886	0	71504	0	26026	78361	86734	38955	43900	0	0	0	90080	62703	0	0	0	55869	0	0	37277	43942	65256	36331	41427.5	41549.6333333333	34771.4507859173	84.1506673564014	2.50547724819753e-12	1.89915175413373e-09	4.51761841736001e-11
43	6410	7523	7092	5405	6544	7307	1695	26	2354	45	1531	2397	4136	1671	3202	2	533	130	6496	5876	0	3	0	2542	21	0	860	1430	5526	818	1683	2719.16666666667	2727.45513675083	83.8086394540733	2.62701147184787e-12	1.99127469566068e-09	4.51761841736001e-11
44	34830	31925	29199	32112	35276	34877	28237	0	34144	0	29911	44374	48572	17110	25985	0	0	0	34916	34747	0	0	0	19919	0	0	21945	23288	29583	21678	24636.5	20420.9333333333	15987.9111743698	83.6955586562132	2.66857369227635e-12	2.02277885874547e-09	4.51761841736001e-11
45	5781	4803	2690	4531	5701	5533	712	0	3556	0	1942	2647	991	872	146	0	0	0	7623	5188	0	0	0	1240	0	0	87	1153	4416	111	931.5	1990.76666666667	2360.47208433388	83.6595308286424	2.68196344038523e-12	2.032928287812e-09	4.51761841736001e-11
46	47177	50411	45505	42500	49124	50140	40473	0	42307	0	43603	61903	77063	28668	40414	0	0	0	47696	45453	0	0	0	34341	0	0	32153	35511	40593	32282	37962.5	29577.2333333333	23034.1968381396	80.7054359649654	4.06893136451919e-12	3.08424997430554e-09	6.70489124849031e-11
47	14658	12433	10944	11224	14175	14202	9965	0	9548	0	4805	10682	16969	9076	4921	0	0	0	15048	12076	0	0	0	12278	0	0	11837	8103	11272	11373	9756.5	7519.63333333333	5956.33519866458	80.3532405819783	4.27996969925176e-12	3.24421703203283e-09	6.9025894298571e-11
48	244943	243195	218107	217778	214013	257422	207896	0	216165	0	182597	261966	387780	141213	210346	0	0	0	255548	225974	0	0	0	185674	0	0	142891	168359	210280	140449	184135.5	144419.866666667	113033.311039111	79.2980405021432	4.98576719116238e-12	3.77921153090108e-09	7.87335735604392e-11
49	13448	16803	15680	13855	16542	17279	3104	25	6911	0	0	6442	9443	5302	9221	2	535	130	18864	13820	0	0	0	5383	21	0	3959	3524	11077	3782	4630.5	6505.06666666667	6555.23391272765	78.7616733659899	5.39160363248685e-12	4.08683555342503e-09	8.34048072127557e-11
50	97399	93165	86907	81766	86529	102883	63716	0	94079	0	55602	87142	143635	53645	62861	0	0	0	103612	74302	0	0	0	70263	0	0	54980	54509	84306	54599	59231.5	53530	42687.7391877986	78.1692249041849	5.88149625449152e-12	4.45817416090457e-09	8.91634832180914e-11
51	48561	45598	42677	43116	44897	52012	0	0	45199	0	2356	3777	0	29269	3381	0	0	0	47979	46142	0	0	0	36497	0	0	27043	0	40962	0	2868.5	18648.8666666667	21582.5811944747	77.8251919680152	6.18775142143056e-12	4.69031557744436e-09	9.19669721067522e-11
52	75217	63488	60523	65659	62138	73154	32915	0	63227	0	0	18194	0	43855	9097	0	0	0	70066	63040	0	0	0	49075	0	0	41992	0	63007	0	13645.5	28488.2333333333	30496.2729024987	77.2081369121573	6.78080946939037e-12	5.1398535777979e-09	9.88433380345751e-11
53	58524	67865	59825	55124	65699	66598	33738	0	49632	0	35907	57477	89189	35907	42810	0	0	0	67218	56176	0	0	0	38366	0	0	35182	31302	49172	30853	35907	34218.8	27715.79500922	76.2730673769325	7.79891172130799e-12	5.91157508475146e-09	1.1153915254248e-10
54	137945	131174	113657	122250	126775	152385	122611	0	137959	0	100519	180819	224616	83313	115004	0	0	0	142687	131374	0	0	0	107718	0	0	95741	102071	120256	94877	104894.5	84791.7	66295.4295388037	76.0468795442211	8.06909282942563e-12	6.11637236470463e-09	1.13266154901938e-10
55	66624	55477	46367	54051	54162	61368	0	0	48356	0	0	0	0	35737	10083	0	19417	0	65574	58196	0	0	0	0	0	0	37419	0	54629	27863	5041.5	23177.4333333333	26335.5783549271	75.331107501291	8.99243565953543e-12	6.81626622992785e-09	1.23932113271416e-10
56	41008	46493	51734	46574	43536	53573	49084	0	46861	0	42544	71362	78947	28203	51117	0	0	0	56546	47715	0	0	0	46330	0	0	31665	39530	52127	30948	41776	31863.2333333333	24917.741276508	74.4631950612064	1.02669732947033e-11	7.78236575738513e-09	1.38970817096163e-10
57	22934	21106	18672	20088	19833	22861	19501	0	19822	0	21513	28809	37780	14568	19236	0	0	0	23914	20953	0	0	0	16515	0	0	15101	17028	19284	14797	17850	13810.5	10805.0045197776	73.7801659592304	1.14063257195588e-11	8.64599489542559e-09	1.51145770388022e-10
58	28483	32858	33129	27769	33185	30726	31389	0	30969	0	29397	44538	47972	17240	25528	0	0	0	29916	31096	0	0	0	23006	0	0	19926	23555	24612	19878	24083.5	19505.7333333333	15286.9648211696	73.6907575431512	1.1565243644466e-11	8.76645468250527e-09	1.51145770388022e-10
59	69	61	58	0	57	36	192	3037	24	2248	547	329	744	0	483	3500	2811	3601	0	22	2683	2888	3784	401	6509	3243	0	333	101	24	331	1259.5	1702.72057662699	73.5322070251475	1.18529354070718e-11	8.98452503856044e-09	1.51349406147854e-10
60	38654	37277	34438	37255	34231	39636	30665	0	36056	0	32568	48097	57409	24092	32412	0	0	0	43165	38463	0	0	0	26988	15527	0	25483	26877	32819	25388	28826.5	23916.6666666667	17603.6486330363	73.3879197179444	1.21214334833656e-11	9.18804658039112e-09	1.51349406147854e-10
61	0	0	8	0	0	0	0	3035	0	6115	0	0	0	0	0	6573	9361	3457	0	0	5831	4844	6531	0	8682	10203	0	0	0	0	0	2154.66666666667	3371.82827039834	73.3402114192464	1.22116430494246e-11	9.25642543146384e-09	1.51349406147854e-10
62	6289	5830	5800	5269	6220	6361	5994	0	5302	549	6768	8244	11310	3564	7382	0	0	0	7002	5646	0	0	0	4508	0	0	6743	4572	4995	6685	5285.5	4167.76666666667	3234.75267597272	73.2524361290823	1.23795028775289e-11	9.38366318116694e-09	1.51349406147854e-10
63	70105	64941	59746	51360	60029	69957	58655	0	65828	0	42199	56962	100588	36886	52160	0	0	0	70805	54696	0	0	0	54257	0	0	29427	32941	60230	42549	46954.5	37810.7	30105.4290397184	72.9155519965269	1.3047133640131e-11	9.8897272992193e-09	1.56979798400306e-10
64	480	461	382	331	381	421	184	0	197	0	201	258	310	376	123	0	0	0	475	302	0	0	0	305	0	0	284	132	326	309	229.5	207.933333333333	172.771112953712	72.4609497749139	1.40100473398465e-11	1.06196158836036e-08	1.65931498181307e-10
65	12661	10017	8502	9736	10980	10904	0	0	7457	0	0	0	0	8357	4376	0	0	0	12190	9041	0	0	0	0	0	0	4720	0	10170	4616	0	4124.23333333333	4838.20898526071	72.1642025179444	1.46796024991231e-11	1.11271386943353e-08	1.7118674914362e-10
66	35881	39079	36341	34464	41888	41140	14160	4979	32669	6010	15188	23496	0	16448	32111	3771	0	6850	43008	43501	4814	0	3247	0	0	0	10918	22684	29365	10828	14674	18428	16023.3554645969	71.6536955096796	1.59132403039754e-11	1.20622361504133e-08	1.82761153794141e-10
67	47366	35758	45797	35132	40141	42026	29021	0	45022	12101	33244	50286	63800	22487	34968	0	8603	0	43373	41803	0	0	0	28192	0	0	31249	29560	38636	30526	30887.5	26303.0333333333	19205.3482753675	71.5562613102982	1.61611019843157e-11	1.22501153041113e-08	1.82837541852407e-10
68	59559	64240	60154	55387	60336	69131	59759	0	56199	0	44865	64292	104307	36970	55345	0	0	0	68885	59329	0	0	0	54231	0	0	32219	36736	50924	47306	49115	38005.8	29975.252927983	71.0929951645622	1.73976842682388e-11	1.3187444675325e-08	1.93933009931251e-10
69	14238	15875	15178	13911	14138	15896	12848	0	14157	0	14766	21817	22379	9260	13688	0	0	0	16692	15993	0	0	0	12214	0	0	7823	11443	12271	7767	12242.5	9411.8	7413.39178923451	70.9515413989277	1.77952271365786e-11	1.34887821695266e-08	1.95489596659806e-10
70	6505	5949	5893	5272	6290	6429	6027	0	5303	666	6768	8344	11476	3619	7455	0	0	0	7734	5660	0	0	0	4560	0	0	6932	4661	5141	6875	5287.5	4251.96666666667	3298.66538825601	70.5964640362789	1.88367703879706e-11	1.42782719540817e-08	2.03975313629739e-10
71	187625	170888	151131	168586	167694	198764	163270	0	187060	0	127698	211433	307279	102229	160319	0	0	0	194176	185822	0	0	0	129206	0	0	115063	128569	160585	113658	128887.5	111035.166666667	87900.3901776611	68.5775756887462	2.61501901374931e-11	1.98218441242197e-08	2.79180903158024e-10
72	107411	90609	95652	92081	91633	103127	83953	0	86300	0	93189	137193	151288	60720	83179	0	47003	0	108435	99975	0	0	0	76801	0	0	75409	72881	87362	74231	79990	63947.7333333333	46692.2086839818	68.3625086770667	2.70930380441203e-11	2.05365228374432e-08	2.85229483853378e-10
73	32220	35959	34606	27758	33584	35949	26592	0	25746	0	29540	38379	55533	21104	31114	0	6361	0	32198	29088	0	0	0	27541	0	0	20979	23707	26827	20619	26169	20513.4666666667	15687.7874195038	67.2820321244516	3.24157762979994e-11	2.45711584338836e-08	3.31994635958211e-10
74	32220	35959	34606	27758	33584	35949	26592	0	25746	0	29540	38379	55533	21104	31114	0	6361	0	32198	29088	0	0	0	27541	0	0	20979	23707	26827	20619	26169	20513.4666666667	15687.7874195038	67.2820321244516	3.24157762979994e-11	2.45711584338836e-08	3.31994635958211e-10
75	5537	8991	9196	5632	9243	8980	1751	30	4825	83	1650	4573	5102	2211	3827	11	243	0	8034	6161	9	14	0	3791	0	0	1586	1986	4524	1636	2098.5	3320.86666666667	3243.57212337574	67.1843009905588	3.29498789445605e-11	2.49760082399769e-08	3.31994635958211e-10
76	45744	45501	42287	40148	42450	49998	41248	0	42730	0	40970	58445	79644	27965	41206	0	0	0	45801	43758	0	0	0	37189	0	0	27829	35794	38516	27558	37852.5	28492.7	22474.9267378653	67.1234749399039	3.32870611250976e-11	2.5231592332824e-08	3.31994635958211e-10
77	8305	9026	8288	8477	9635	9888	4787	0	7664	0	6028	0	10647	4702	7179	0	900	0	10608	8332	0	0	0	5942	15	0	4379	5177	6606	4216	4982	4693.36666666667	3944.53819230778	66.08891519918	3.96274360058638e-11	3.00375964924448e-08	3.86591518230611e-10
78	5302	5044	4472	4044	4918	4835	2176	0	2607	0	3044	3543	4198	3989	2306	0	0	0	6158	4114	0	0	0	0	0	0	3272	1913	4114	3131	2825.5	2439.33333333333	2093.5223302192	66.0045436405055	4.01989363960864e-11	3.04707937882335e-08	3.86591518230611e-10
79	124077	124790	108353	112350	121565	137667	83616	0	108338	0	85025	137523	204171	72473	104999	0	0	0	126658	114610	0	0	0	106059	0	0	70369	79023	106096	69073	84320.5	73227.8333333333	58331.6666279299	65.9910434047462	4.02912004488368e-11	3.05407299402183e-08	3.86591518230611e-10
80	75047	78720	76346	71837	72658	85397	73264	0	75209	0	66889	115094	125020	47649	73329	0	0	0	86595	80422	0	0	0	65482	0	0	43510	59427	64401	43034	64941.5	49311	39015.2397421563	65.7004447542602	4.23333852928629e-11	3.20887060519901e-08	4.01108825649876e-10
81	64004	64315	57493	58618	59639	69896	36403	0	58980	0	37928	64330	111879	38275	57430	0	0	0	68569	62155	0	0	0	50679	0	0	43442	48714	54642	42657	46078	38334.9333333333	30619.7073117538	63.4323692429498	6.26661372040486e-11	4.75009320006688e-08	5.86431259267517e-10
82	175948	174130	162269	150807	179744	181146	109923	0	130050	0	63932	0	0	93964	122304	0	0	0	184687	163262	0	0	0	129432	0	0	106250	0	139712	108731	100107	79209.7	75262.2162498417	62.9623754196778	6.80707859307812e-11	5.15976557355322e-08	6.29239704091856e-10
83	1234	1165	1034	1040	1311	1276	495	0	672	0	0	885	1095	958	443	0	0	6	1438	1018	0	0	0	953	0	0	796	562	967	730	701	602.6	515.503276018889	62.3037718774796	7.6503245365757e-11	5.79894599872438e-08	6.98668192617396e-10
84	5892	6717	6079	4974	8892	6742	3268	17	4351	92	3533	3977	8215	3942	4413	5	296	0	6067	5299	0	17	0	5377	19	0	2325	2700	6447	2333	3737.5	3399.63333333333	2836.5525516304	62.1446576404938	7.87044597990624e-11	5.96579805276893e-08	7.10214053901063e-10
85	43335	50658	49038	44096	46953	52960	33387	0	39800	0	35818	0	64504	26381	41791	0	0	0	52630	46988	0	0	0	34396	0	0	28173	32747	36079	29613	33067	26311.5666666667	21833.3665903318	60.5989266155358	1.04002791553385e-10	7.88341159974656e-08	9.27460188205478e-10
86	145513	146944	131246	124157	173545	178041	69481	0	119746	0	64941	119124	217453	78437	90784	0	0	0	179076	119992	0	0	0	105606	0	0	80787	69052	120758	80167	80477	80495	67470.9440901326	60.4554617691237	1.06759727822762e-10	8.09238736896533e-08	9.40975275461085e-10
87	5772	3449	2257	4230	5089	4790	2373	0	3523	0	3713	4503	3994	2965	1628	0	0	0	5479	4494	0	0	0	645	0	0	2538	3318	4401	2405	2471.5	2385.53333333333	2026.13998109422	60.1254875779188	1.13403221595696e-10	8.59596419695373e-08	9.8804186171882e-10
88	227911	220593	198999	192745	212583	245539	210284	0	205294	0	151536	0	0	122644	198128	0	0	0	239044	202447	0	0	0	195029	0	0	126548	150977	209619	123787	138762.5	114456.9	99600.0169184828	60.0221489604985	1.15574035186668e-10	8.76051186714943e-08	9.95512712176071e-10
89	63723	56257	50536	52912	64082	65973	32165	22974	52587	22874	31179	52823	61999	30503	39056	21803	22698	29239	70363	57635	18567	18683	18979	41944	22174	17535	36423	29568	51469	35903	36163	39754.2	17028.2115921663	59.3589242716154	1.30613685774717e-10	9.90051738172351e-08	1.11241768333972e-09
90	44876	40175	39206	40134	40248	46911	45301	0	46496	0	39126	67372	81505	21845	47446	0	0	0	44937	42521	0	0	0	31135	0	0	36620	39802	36861	35902	37993.5	28947.3	23106.0833207218	58.9352144869577	1.41313692222515e-10	1.07115778704667e-07	1.19017531894074e-09
91	14827	13082	8839	14330	12247	15595	15264	39274	23755	37042	10152	28889	23100	6516	17769	54449	36351	48391	19771	13386	35758	35950	37606	4789	38255	38174	12566	15736	13085	12690	16752.5	23254.6	13455.1132380324	58.7571843897489	1.46087113245929e-10	1.10734031840414e-07	1.21685749275181e-09
92	339550	321756	310944	298716	303344	351702	239447	0	346001	0	193421	308069	621955	183785	242481	0	0	0	343993	314844	0	0	0	270455	0	0	252344	268454	289412	248470	250407	201638.1	162027.028795507	57.9728724223484	1.69277479760984e-10	1.28312329658826e-07	1.39469923542202e-09
93	0	0	494	0	0	0	98	13324	0	12664	0	0	0	0	0	16009	0	14260	0	889	16257	10241	9515	0	9730	10820	0	0	0	0	0	3810.03333333333	5972.76447565189	57.3927053360003	1.88966558073718e-10	1.43236651019878e-07	1.54017904322449e-09
94	129561	119988	104278	106387	116217	134485	97424	0	100855	0	91459	147432	208615	56046	93433	0	0	0	129228	101590	0	0	0	85488	0	0	76108	92592	113119	75021	92025.5	72644.2	58405.8497651238	57.1765382389964	1.96919959112378e-10	1.49265329007183e-07	1.58792903199131e-09
95	22705	22817	20394	19178	20802	22417	15719	4008	16530	3615	17485	23422	30146	14665	15165	6017	5454	4783	21905	19169	3069	4312	6077	14686	5537	0	12201	14720	18557	11914	14942.5	13915.6333333333	7884.01644745102	55.4421790422316	2.75396422516955e-10	2.08750488267852e-07	2.19737356071423e-09
96	5726	6838	5756	3888	5546	5383	2807	268	2868	58	2961	3374	3855	5010	2529	100	76	231	8942	3172	22	138	111	4656	19	162	3252	2306	5312	4104	3066.5	2982.33333333333	2464.69723024586	52.7672716411625	4.69859657095915e-10	3.56153620078703e-07	3.70993354248649e-09
97	170926	160593	149257	150905	155580	177153	126793	0	149545	0	139569	191339	238462	0	128486	0	0	0	176752	156311	0	0	0	125638	0	0	95566	109128	144116	94189	126215.5	94676.9333333333	78075.4706121311	51.9289121838929	5.57975239438548e-10	4.22945231494419e-07	4.36026011849917e-09
98	51881	48852	42604	46153	45637	54350	52483	0	50217	0	52593	81757	92249	31279	47574	0	0	0	54006	47643	0	0	0	37482	19734	0	40100	43523	44309	38655	43063.5	34102.7	25989.8953403712	51.7467688407766	5.79374328866323e-10	4.39165741280673e-07	4.48128307429258e-09
99	8377	7102	7444	8043	5571	7303	0	18383	10517	20775	0	0	0	0	0	0	19073	20380	7150	7660	16395	16662	20473	0	24483	21667	0	0	7287	0	7295	8491.5	8342.91187382935	51.6293255222172	5.93638468307213e-10	4.49977958976867e-07	4.54523190885725e-09
100	9090	7943	7893	8413	8436	9538	10601	0	8903	0	10582	14960	17886	6014	8797	0	0	0	8460	9422	3659	0	0	7471	0	0	7603	8439	7725	7411	7809	6308.2	4846.59605681462	51.3465598537469	6.29552807319474e-10	4.77201027948161e-07	4.77201027948161e-09
101	8608	9445	9778	9398	7238	7917	7309	2346	6312	1494	8662	10262	13832	5842	5111	2092	1638	2865	9784	6691	1398	2251	0	9412	632	0	7675	6642	7340	7366	6964.5	5978	3648.56680412158	50.5044216303157	7.51054026540537e-10	5.69298952117727e-07	5.63662328829433e-09
102	2954	2635	2600	2057	1913	1893	904	0	986	0	1796	1373	1316	2226	901	0	0	24	3270	1378	0	0	0	1773	0	0	1160	662	2185	1177	1168.5	1172.76666666667	1029.23365141031	50.3964833190508	7.68363917601539e-10	5.82419849541967e-07	5.70999852492124e-09
103	107592	108858	96246	84512	97470	123425	70182	0	107786	0	55176	80747	132269	57369	53252	0	79964	0	115493	88899	0	0	0	81117	0	0	47849	65083	102423	47133	67632.5	60094.8333333333	45260.6221048285	49.0228952441608	1.03033460351479e-09	7.80993629464213e-07	7.47141143055749e-09
104	54153	50736	46821	47946	45224	51847	8268	0	0	0	6036	13122	0	0	8400	0	0	0	56392	24675	0	0	0	0	0	0	9941	7477	45335	9692	6756.5	16202.1666666667	21412.2981888887	49.0098719258614	1.03323629135605e-09	7.83193108847882e-07	7.47141143055749e-09
105	17752	18052	16932	13772	17245	20456	18976	3	19579	1196	18974	25575	37702	10135	20206	0	446	0	17476	14170	0	14	0	16210	0	0	13339	16387	16173	13027	15171.5	12126.5666666667	9755.42863436712	49.0021629174477	1.03495804776852e-09	7.84498200208536e-07	7.47141143055749e-09
106	73167	66866	60351	53400	73764	75413	26537	0	47827	0	18229	25105	89809	29661	30759	0	0	0	80092	59450	0	0	0	46879	0	0	22867	11675	61244	7639	25821	32024.4666666667	30592.047296229	48.6590835208907	1.11479173463932e-09	8.45012134856604e-07	7.97181259298684e-09
107	9365	14644	13023	9315	15618	15150	3232	70	7732	136	4264	8664	13700	5395	10381	0	1023	0	13811	10413	0	29	0	9734	64	0	4949	5782	7693	4963	5588.5	6305	5458.76854244618	48.4969870351601	1.15478993973483e-09	8.75330774319004e-07	8.18066144223368e-09
108	157281	149111	131558	142037	144912	164849	133871	0	144687	0	124149	189457	258161	89515	136989	0	83133	0	161615	145054	0	0	0	119434	0	0	87897	112589	132720	86247	121791.5	96508.8666666667	72060.5447674975	48.1160390408811	1.25498892287875e-09	9.51281603542091e-07	8.8081629957601e-09
109	12240	9813	7972	9847	11748	11595	4643	0	8156	0	0	0	8975	8077	0	0	0	0	11593	8233	0	0	0	0	0	0	0	0	9831	6569	0	4309.73333333333	4905.0320673375	47.5117699117761	1.43358006678112e-09	1.08665369062009e-06	9.96929991394576e-09
110	34768	32630	29819	31875	30032	35610	30128	0	31750	0	31955	45870	54623	21404	30001	0	18894	0	36322	33403	0	0	0	24095	14578	0	23964	26502	28922	23666	27712	22360.3666666667	15525.5549547842	47.016341756684	1.60038647531935e-09	1.21309294829207e-06	1.10281177117461e-08
111	1701	2710	2167	1606	2963	2807	0	0	1330	0	0	1565	0	980	0	0	169	0	2471	1767	11	0	0	1722	0	0	0	0	3230	0	5.5	906.633333333333	1134.7982498295	46.4089846245458	1.83385261456426e-09	1.39006028183971e-06	1.25230656021595e-08
112	136016	132957	125619	132346	123110	142508	98464	0	137054	0	42821	126035	196100	70517	96434	0	87779	0	147498	133301	0	0	0	85751	0	0	69798	92062	117277	68190	89920.5	78721.2333333333	59967.2542445736	46.0860378597644	1.97267260635622e-09	1.49528583561802e-06	1.32396833040446e-08
113	98689	106538	98144	81938	99400	117107	69934	0	93060	0	71400	104853	141766	48960	76418	0	0	70532	102277	84037	0	0	0	79001	0	0	51259	57130	93963	50311	70966	59890.5666666667	44486.2135805778	46.0836818860653	1.97372587514121e-09	1.49608421335703e-06	1.32396833040446e-08
114	17293	13815	13143	14220	12750	15698	12221	6153	12443	2972	10004	12724	18717	11698	5721	0	5262	5805	13180	14138	0	0	0	13859	0	0	6942	7733	15122	6674	10851	8942.9	5917.79674372143	45.2220666146194	2.4026355637712e-09	1.82119775733857e-06	1.59754189240225e-08
115	15238	12335	12561	11792	9265	13610	19202	0	13690	0	18516	23323	31488	8837	14736	0	0	0	12421	11971	0	0	0	13814	0	0	10479	13289	13407	10863	11881.5	9694.56666666667	8168.39673072842	44.290723793914	2.98140564002367e-09	2.25990547513794e-06	1.96513519577212e-08
116	138171	132669	105725	122162	136560	151873	76229	0	87880	0	101853	144425	171862	74797	81551	0	72260	0	153075	127994	53727	0	0	100601	0	0	67227	79653	112387	66577	80602	78641.9333333333	56167.7311347271	44.0764308579041	3.13474262878829e-09	2.37613491262153e-06	2.04839216605304e-08
117	43765	41344	38027	39051	37799	45172	40807	0	39945	0	24635	0	70288	25982	36668	0	0	0	44068	41295	0	0	0	31729	0	0	26425	31943	37594	26272	29077	24093.6333333333	20302.6910352966	43.9111247900984	3.25881063026341e-09	2.47017845773966e-06	2.11126363909373e-08
118	19269	20276	20124	17065	22562	23915	15050	0	22684	0	16431	23919	35769	11554	17859	0	7259	0	19887	19503	0	0	0	19206	0	0	9502	12573	16481	9223	15740.5	12670.3666666667	9932.4043291376	43.8196234783538	3.32974468244115e-09	2.52394646929039e-06	2.13893768583931e-08
119	23640	22537	20266	19839	22063	24841	20209	0	21037	0	22216	0	38845	13682	21536	0	0	0	22436	21177	0	0	0	18472	0	0	14946	17372	20054	14891	17922	13335.3	11120.9271045861	43.1087757762362	3.94071543849681e-09	2.98706230238058e-06	2.51013638855511e-08
120	2520	2431	2009	2292	1922	1861	2130	0	1029	0	2062	2280	2825	2067	1388	0	0	0	3918	1378	2	0	0	1684	0	0	1118	1324	2029	1086	1383	1311.83333333333	1093.7117783141	42.9390867603274	4.10370538331905e-09	3.11060868055584e-06	2.5921739004632e-08
121	45396	64884	67274	48478	58905	64525	43150	0	50766	9192	53181	82709	95200	27334	69563	6060	8906	0	68005	57229	5696	2436	0	57996	11248	0	35270	45921	39712	33754	44273	38426.3333333333	28123.873341827	42.788111599834	4.25481528200932e-09	3.22514998376306e-06	2.64737299710944e-08
122	63949	55958	51645	56600	55725	66412	58082	0	64266	0	61487	87304	106633	39608	53783	0	0	39819	65538	60223	0	0	0	46886	24036	0	47570	50189	55801	46420	50917	41931.1333333333	29321.6848292009	42.7821110672441	4.26094334627113e-09	3.22979505647352e-06	2.64737299710944e-08
123	24823	23029	20981	22954	21973	25092	23371	0	22947	9901	23709	33654	40269	15890	20760	0	0	13728	25716	24385	7791	0	0	17423	0	0	17231	19169	20817	17268	19964.5	16429.3666666667	10991.2513594734	41.8612193798914	5.32389689909582e-09	4.03551384951463e-06	3.28090556871108e-08
124	65315	69208	63205	62883	65313	75522	45288	0	0	0	43021	60301	82689	35915	41261	0	0	0	69920	62003	0	0	0	54706	0	0	32501	37607	56202	33798	39434	35221.9333333333	29724.0799746641	41.7269205055154	5.5013554468156e-09	4.17002742868623e-06	3.3629253457147e-08
125	252148	227256	198754	222938	218487	260840	213039	0	242727	0	181344	287894	397657	137945	205268	0	178523	0	254744	234586	0	0	0	171346	0	0	150244	177611	215854	148006	179933.5	152573.7	112184.977346422	41.6123159570216	5.65781761945511e-09	4.28862575554697e-06	3.43090060443758e-08
126	17293	13815	13143	14220	12750	15698	12221	6157	12443	2972	10004	12724	18717	11698	5721	0	6545	5805	13180	14138	0	2193	0	13859	1281	0	6942	7733	15122	6674	10851	9101.6	5727.51133655315	41.4700645265062	5.85870382123558e-09	4.44089749649657e-06	3.52452182261633e-08
127	36648	30977	28534	32720	41499	27372	27678	10058	26050	8914	22993	38504	39004	12987	22261	10755	12741	12613	38771	28591	6489	8554	9264	23313	0	9523	31251	19514	30544	30373	24681.5	22616.5	11658.3470341625	41.3051031930137	6.10129996284799e-09	4.62478537183877e-06	3.64156328491242e-08
128	24691	22174	20250	21817	20968	25444	20809	0	23200	0	0	32655	39256	16542	20528	0	0	0	26402	23167	0	0	0	17328	0	0	16890	17920	20859	16474	17624	14245.8	11900.0769351324	41.0746811083348	6.45839471477151e-09	4.89546319379681e-06	3.82458062015375e-08
129	9826	12231	11022	7246	12006	11931	3560	0	6130	0	0	0	9506	6753	3345	0	0	0	10199	6362	0	0	0	0	0	0	0	0	7404	0	0	3917.36666666667	4708.67510821384	40.9661806721501	6.63425901210666e-09	5.02876833117685e-06	3.8982700241681e-08
130	17293	13815	13143	14220	12750	15698	12221	6153	12443	2972	10004	12724	20291	11698	5721	0	5404	5805	13180	14138	0	0	0	14526	0	0	6942	7733	15122	6674	10851	9022.33333333333	6030.45157189074	39.9020482739042	8.65912525605412e-09	6.56361694408902e-06	5.04893611083771e-08
131	121512	114290	105216	88302	105022	121796	63283	0	86654	0	69932	92226	182281	0	94342	0	0	0	119929	102117	0	0	0	97510	0	0	63421	51984	102971	62984	66676.5	61525.7333333333	53060.3420943346	39.8384198286177	8.79961987107262e-09	6.67011186227305e-06	5.09168844448324e-08
132	158872	138599	131559	137046	123053	153352	107143	0	0	0	100725	146118	201469	80959	86476	0	0	0	156346	118780	0	0	0	123453	0	0	88267	85967	136147	87983	88125	78743.8	65923.2330870405	39.7231709486718	9.06036742483429e-09	6.86775850802439e-06	5.20284735456393e-08
133	37580	55933	47946	43410	51968	40186	13405	0	0	0	8760	14029	0	0	14728	0	0	0	62425	45749	0	0	0	0	0	0	0	9937	30822	24277	4380	16705.1666666667	21144.6872614626	39.4502878850651	9.71143657689108e-09	7.36126892528344e-06	5.53478866562664e-08
134	46802	43986	39753	40680	42658	49253	39863	14114	44055	11915	41477	60731	72782	28923	39097	14769	12342	16123	48166	43296	9871	11984	11948	32472	9492	12405	30230	34552	39729	29303	36824.5	32425.7	16668.1876311402	39.3673210401136	9.91921429356093e-09	7.51876443451919e-06	5.61101823471581e-08
135	53332	52978	48845	49439	58494	58845	48371	22579	50977	20318	48389	70672	84742	31023	45086	0	21451	28135	57827	51400	0	0	0	37649	0	0	38991	40036	46511	38337	42561	36814.2333333333	23112.4589400181	38.9100460810623	1.11534587064946e-08	8.45432169952292e-06	6.26246051816513e-08
136	34517	33418	29936	31725	31700	36958	29320	0	32689	12229	30977	44593	53631	21245	27492	0	12725	17493	36653	33385	9531	0	0	24842	8878	0	21659	24810	29329	21664	26167	23046.6333333333	14243.4605478501	38.6500785294097	1.19278954475396e-08	9.04134474923502e-06	6.64045722888447e-08
137	112621	107586	82446	101330	110043	126606	64628	0	73197	0	85531	125060	145152	57524	67300	0	61868	0	126645	105258	45072	0	0	77637	0	0	52622	67100	93051	51948	67200	64674.1666666667	46613.0078434405	38.6261967835467	1.20018817989073e-08	9.09742640357173e-06	6.64045722888447e-08
138	25164	24803	22215	21945	24417	30743	0	0	0	0	7949	9329	0	0	10553	0	0	0	12781	18707	0	0	0	0	16	0	122	6297	23397	95	55.5	7951.1	10553.9853572331	38.399728252115	1.2728500451141e-08	9.64820334196491e-06	6.98755484880518e-08
139	255497	253686	247312	208755	250242	269735	134108	0	0	0	74886	184813	294871	123569	162232	0	0	0	287970	252140	0	0	0	194123	0	0	137989	115798	211942	137167	135637.5	126561.166666667	110777.636574226	38.3563859430343	1.28728750651186e-08	9.75763929935994e-06	6.98755484880518e-08
140	9033	7263	7299	4571	8630	8512	5195	0	3677	14	4540	8577	9091	4680	2100	0	0	29	6103	4609	2	0	0	8969	0	0	10315	4904	5820	9912	4644.5	4461.5	3729.85586067067	38.3279708504115	1.29684805765558e-08	9.83010827702929e-06	6.98755484880518e-08
141	111711	119016	109524	106534	111664	132311	90208	0	109160	0	86456	136472	158191	0	98412	0	0	0	116560	112060	0	0	0	88333	0	0	0	71775	104558	57859	87394.5	64026.8	56085.3128929798	38.3192551039708	1.29979582279885e-08	9.8524523368153e-06	6.98755484880518e-08
142	6656	6233	6224	5817	5783	6765	5002	2346	5698	1597	5847	6682	9935	4025	4125	2092	1681	3026	6423	5913	1516	2251	0	5423	0	0	3781	4544	5794	3686	4773	4295.5	2415.09513984082	37.9723607319293	1.42316645055022e-08	1.07876016951707e-05	7.59690260223289e-08
143	21061	19105	20864	21269	18450	12207	9957	0	0	0	9152	13530	16515	6597	8910	0	0	0	16632	24417	0	0	0	8284	0	0	14900	7225	17075	14132	9031	9342.73333333333	8378.11228402187	37.880163228695	1.45803147592362e-08	1.1051878587501e-05	7.7285864248259e-08
144	16057	27321	27054	16147	22339	21591	8047	0	15282	177	12798	17801	29712	9252	23743	0	1964	0	22963	18393	0	42	0	21030	131	0	8462	10862	12755	8577	11808.5	11750	9946.30474095782	37.7533909888286	1.50747708323476e-08	1.14266762909195e-05	7.93519186869409e-08
145	19413	30957	31211	18066	34661	33048	7190	0	16597	1548	10147	17902	33217	10656	22689	0	1804	0	26981	19906	0	0	0	22537	0	0	10718	12980	15653	10460	11849	13611.3666666667	11932.3777596442	37.2651473590215	1.71541650290869e-08	1.30028570920479e-05	8.9674876496882e-08
146	101220	103895	98273	85352	100094	108251	77207	53199	84294	0	77455	115094	137450	47526	69713	0	0	69362	113487	89386	0	0	0	71644	0	0	57920	62268	85026	54468	70678.5	62086.1333333333	42940.8331060737	37.1332454326001	1.77673658288907e-08	1.34676632982991e-05	9.22442691664323e-08
147	89021	78138	70776	79439	80532	90756	80432	30582	80697	25714	66429	101052	137789	56283	71632	32454	28964	35499	89856	87254	19787	26016	26550	58447	19599	26316	60393	65145	73011	59449	65787	61600.4	29114.7206049354	36.9114666328703	1.88521064700185e-08	1.4289896704274e-05	9.72101816617282e-08
148	73772	68412	63718	68522	65918	79339	72336	0	75805	24030	57063	86199	123995	48186	64899	30172	25476	31966	75461	74520	18972	0	21475	55034	19113	0	50796	57604	62864	50663	57333.5	51543.6666666667	29022.8693765895	36.7185484137846	1.98536234509869e-08	1.50490465758481e-05	1.01682747134109e-07
149	64120	64139	57095	52683	60374	71182	29329	0	0	0	31037	64119	80822	37132	45639	0	0	0	72379	54355	0	0	0	32855	0	0	43936	26005	61596	37256	34993.5	32868.4333333333	28498.2635317134	35.3784315783944	2.86037412937932e-08	2.16816359006953e-05	1.45514334903995e-07
150	23631	22844	24987	22388	21558	24179	23999	0	21519	0	0	35171	43134	14105	23202	0	0	0	22828	24435	0	0	0	19417	0	0	17129	20474	19976	16777	19696.5	14725.1	12474.1197225185	35.2771336158525	2.94161719918937e-08	2.22974583698554e-05	1.48649722465703e-07
151	3219	3769	2891	2668	2950	3354	3660	0	1689	9	0	4356	5551	2716	2906	0	240	23	3419	2526	0	0	2	3209	17	0	2547	2508	2632	2394	2536.5	1975.16666666667	1647.12127316289	35.1263025135168	3.06721367828358e-08	2.32494796813895e-05	1.53844955540914e-07
152	101724	98793	86442	71756	104139	108015	84505	0	0	0	55382	85477	151282	48367	75351	0	0	0	108089	77441	0	0	0	67101	0	0	66125	69668	85492	64476	66613	53654.1666666667	45550.6858399356	35.0988739556203	3.09066606885234e-08	2.34272488019008e-05	1.53844955540914e-07
153	23635	22847	23021	22391	21560	24186	24004	0	21522	0	0	35176	43138	14108	23202	0	0	0	22833	24449	0	0	0	19417	0	0	17138	20476	19977	16785	19697	14662.1666666667	12425.298098369	35.0818560555148	3.1053137464063e-08	2.35382781977598e-05	1.53844955540914e-07
154	34317	37164	37065	33335	34883	38787	33608	0	30187	0	0	0	0	17469	35201	0	0	0	34951	36520	0	0	0	30827	0	0	0	26339	29427	0	8734.5	16336	17028.850760016	34.9716820876254	3.20196547680353e-08	2.42708983141708e-05	1.57603235806304e-07
155	3055	4985	5220	3025	5148	5045	971	0	2622	57	2122	2580	5760	2036	3952	4	581	3	4193	3499	0	27	0	4443	29	0	1996	2250	2454	1931	2186	2266.26666666667	1939.42554476272	34.8526293929057	3.31005020945538e-08	2.50901805876717e-05	1.61872132823689e-07
156	29437	41650	41872	27376	39064	45459	21241	0	29988	22973	21021	31888	39269	17654	20588	0	25233	0	45666	28276	0	0	0	27100	0	0	16106	17886	33884	15652	22107	21309.4333333333	15443.6797801099	34.7036939803782	3.45081395351541e-08	2.61571697676468e-05	1.67674165177223e-07
157	46691	45436	48367	38901	34882	48265	53396	0	46691	0	22866	53563	94362	29483	40362	0	0	0	35983	43027	0	0	0	50356	0	0	23974	28885	42021	22613	32182.5	28337.4666666667	24030.6041707069	34.6426233268226	3.51038077929888e-08	2.66086863070855e-05	1.6948207838908e-07
158	0	0	0	0	0	0	0	0	0	39882	0	0	0	0	0	43126	38792	36487	0	0	39539	37436	0	0	34261	30849	0	0	0	0	0	10012.4	16988.1958604527	34.4879314274593	3.66626181155609e-08	2.77902645315952e-05	1.75887750199969e-07
159	173029	168211	155181	159177	162680	186045	167365	0	160749	0	172301	249832	306560	97939	166358	0	87276	113356	180774	160569	0	0	0	136311	0	0	110903	138140	152908	116046	145524	117390.333333333	82682.3880818614	34.1522766791315	4.03066343805195e-08	3.05524288604338e-05	1.92153640631659e-07
160	16215	28048	28710	17104	33248	31669	5516	21	15267	574	10147	16961	30526	9894	21245	0	1142	0	24045	18882	6	0	0	21003	0	0	9238	12149	13100	8933	11148	12454.7666666667	11169.799413762	33.8954720399096	4.33569135862106e-08	3.28645404983477e-05	2.05403378114673e-07
161	28488	24037	20050	22850	28401	30930	2619	0	30307	0	9499	9643	43585	11570	4897	0	0	0	31592	24492	0	0	0	19491	0	0	20307	6509	23706	9422	9571	13413.1666666667	13036.7518513368	33.3693897708365	5.04081009461571e-08	3.82093405171871e-05	2.37325096380044e-07
162	31468	40373	36456	30453	34313	41063	41644	0	40159	0	41271	64211	78408	17506	46648	0	21138	0	36866	33893	0	0	0	33399	0	0	27755	34897	28672	25571	30960.5	26205.4666666667	20741.6531042936	33.2303277613367	5.24712860184944e-08	3.97732348020188e-05	2.4551379507419e-07
163	15119	13200	11513	10858	13604	13374	5260	0	0	0	6313	8045	0	0	0	0	0	0	14933	11254	0	0	0	8759	0	0	7237	4537	11729	7198	4898.5	5431.1	5733.2864520604	32.7918921770836	5.9592181033617e-08	4.51708732234817e-05	2.77121921616452e-07
164	35252	59523	76482	43773	56942	52225	0	40	34626	203	0	0	48217	18082	38408	0	4381	3	47600	45395	9	62	0	37847	55	0	20639	0	28936	20516	19299	22307.2	23766.8364343375	32.3828249784751	6.7178276728012e-08	5.09211337598331e-05	3.10494718047763e-07
165	24036	20912	9101	32441	46028	44659	0	0	19124	0	5635	0	0	15957	0	0	1022	0	33268	11391	0	0	0	0	0	0	113	7387	20022	105	109	9706.7	14119.9635223471	32.0948911251764	7.31370441263476e-08	5.54378794477715e-05	3.35987148168312e-07
166	48388	71151	55988	38287	72426	84389	46928	0	49564	0	38777	50468	114708	25628	54530	0	0	0	67948	51911	0	0	0	50498	0	0	25033	37971	47380	24109	38532	35202.7333333333	30765.2395944798	31.9414454398966	7.65423903536663e-08	5.8019131888079e-05	3.49512842699271e-07
167	42440	38493	34583	39023	45165	42654	40223	0	40435	0	24866	56243	67518	27366	34315	0	20920	24764	40993	39583	14658	0	0	34553	0	0	24031	30553	36811	23409	32434	27453.3	18467.9196448963	31.9116686876619	7.72227308054611e-08	5.85348299505395e-05	3.50507963775686e-07
168	32489	34279	30455	28334	42003	35587	11480	0	21945	0	1031	10446	20746	20318	14054	0	0	0	0	28862	0	0	0	0	0	0	0	5289	26628	0	3160	12131.5333333333	14276.4550529241	31.8805569866185	7.79405162400739e-08	5.9078911309976e-05	3.51660186368905e-07
169	35659	32228	29475	32584	33674	37953	36803	0	33119	0	36399	56225	64990	21999	33061	0	16238	22524	36281	35464	12035	0	0	26498	11279	0	28758	31239	30013	28174	29744	25422.4	16589.2903479406	31.3096477739573	9.24677345457588e-08	7.00905427856851e-05	4.14736939560267e-07
170	23965	22437	21079	21911	20334	24155	22070	0	22264	10407	23895	33581	40871	15126	20962	12875	0	14183	24528	22477	8886	0	0	17576	0	0	18872	19723	19924	18193	19823.5	16676.4666666667	10370.8225515338	31.2422900184609	9.43648076495514e-08	7.152852419836e-05	4.20756024696235e-07
171	21802	19756	24152	20804	19724	22298	2309	0	23762	0	0	5966	33912	12851	3490	0	0	0	22282	22150	0	0	0	16339	0	0	15713	0	19506	4538	5252	10378.4666666667	10782.4414250696	31.0188341124496	1.00963596977384e-07	7.65304065088568e-05	4.47546236893899e-07
172	50988	48638	42298	45550	45383	53130	46162	0	48444	21602	47821	74069	82744	28876	43229	0	0	32063	54487	49478	20107	0	0	35330	19634	0	37261	40660	43037	36828	41479	34927.3	22060.981363031	30.9127861568187	1.04267178605145e-07	7.90345213827001e-05	4.59503031294768e-07
173	9093	6915	0	6739	7378	7412	3476	0	5787	0	0	4741	0	5572	3149	0	0	0	8169	6419	0	0	0	0	0	0	0	0	8274	2545	0	2855.63333333333	3386.23992961508	30.8797368664155	1.05320306758976e-07	7.98327925233039e-05	4.61461228458404e-07
174	76544	69069	62528	60853	56462	75466	52491	0	0	0	30812	66174	101534	32107	47145	0	0	0	79009	48257	0	0	0	54717	0	0	37059	36610	73992	36240	36834.5	36568.9666666667	32012.9369285599	30.6624043033231	1.12536731735418e-07	8.53028426554471e-05	4.90246222157742e-07
175	3523	3377	2964	2898	2989	2779	1931	0	1481	0	1932	0	3410	2547	1360	0	0	0	4522	2580	0	0	0	0	0	0	0	0	2740	0	680	1367.76666666667	1505.90663912048	30.3020356974555	1.2569931038288e-07	9.5280077270223e-05	5.44457584401275e-07
176	160488	160269	158910	138703	131951	171516	234644	0	169783	0	146897	242147	424433	95441	215317	0	0	0	128637	129689	0	0	0	183133	0	0	107787	143038	144985	106350	130820	113137.266666667	99963.107061084	30.1549958873925	1.31536877319535e-07	9.97049530082078e-05	5.66505414819362e-07
177	95007	93811	86526	75730	85694	99108	55152	0	0	0	35589	53413	101983	0	32412	0	0	0	99415	80189	0	0	0	72712	0	0	59507	30279	78149	58210	44501	43096.2	40113.0135048637	30.0327769615633	1.36610743869041e-07	0.000103550943852733	5.85033581088886e-07
178	1909	3340	3063	2007	3132	3003	782	0	1278	0	1299	1774	3813	1087	2729	0	516	0	2543	1851	0	0	0	2674	0	0	1283	1366	1565	1274	1291	1409.6	1211.57291894918	29.6016026932039	1.56258882519615e-07	0.000118444232949868	6.65417039044202e-07
179	36934	34013	32039	33278	32454	37254	14242	0	0	0	2329	20114	0	0	14254	0	0	0	36986	15448	0	0	0	26371	0	0	10495	12309	31045	9937	10216	13316.7333333333	14643.1385837057	29.5718832578997	1.57720719600298e-07	0.000119552305457026	6.67889974620255e-07
180	16796	21634	30346	27159	36910	23688	16599	0	24139	0	1501	0	32897	9270	745	0	0	0	42659	19938	0	0	0	14447	0	0	10193	13874	14953	10077	10135	12260.8333333333	12997.3204747359	29.4545566843067	1.63636852775375e-07	0.000124036734403734	6.89092968909634e-07
181	5664	6761	4413	4894	7652	7595	3212	474	3234	393	2153	5501	6202	4428	353	74	883	629	5006	3231	186	193	205	5888	468	159	6487	3234	4319	6452	3234	3344.76666666667	2630.1158579874	29.0660040658806	1.84993711319858e-07	0.000140225233180452	7.74725045195869e-07
182	828	110	688	120	516	556	3921	0	785	0	3097	4684	5498	159	2678	0	0	0	219	434	0	0	0	1002	0	0	3366	2054	659	3483	475	1161.9	1614.18213197037	29.0138197508958	1.88082834667362e-07	0.00014256678867786	7.83334003724506e-07
183	104336	104688	103156	93623	109326	116753	0	0	0	0	51931	0	0	66931	63280	0	0	0	97435	100750	0	0	0	98663	0	0	62081	47213	93413	49338	48275.5	45430.5666666667	46505.5318620405	28.73845287881	2.05327842015459e-07	0.000155638504247718	8.50483629768951e-07
184	151311	149017	143898	143473	130847	153063	0	0	0	0	65280	0	0	92068	112116	0	0	0	158895	142651	0	0	0	112567	0	0	94390	92235	127208	92392	78674	65380.3666666667	65499.3669895621	28.6377276831232	2.12053702872085e-07	0.000160736706777041	8.73569058570873e-07
185	931	1446	1450	980	1753	1726	0	0	0	0	0	0	0	0	891	0	0	0	1517	997	0	33	0	0	39	10	438	512	762	462	21.5	464.9	613.881565012396	28.4903943952698	2.22321517808454e-07	0.000168519710498808	9.10917354047613e-07
186	51532	50940	46469	47461	48577	58809	49554	24417	50497	20247	50948	77774	89136	31418	46992	0	21891	28992	55839	51034	15934	0	0	38790	15821	0	38102	42919	45351	36803	44135	37874.9	21970.2898107641	28.3692329306622	2.31165657564367e-07	0.00017522356843379	9.42062195880591e-07
187	3940	5227	3182	4296	3552	4864	2364	0	1733	0	0	0	4621	2651	1456	0	0	0	6358	2994	0	0	0	4407	0	0	3661	2005	4081	3542	2184.5	2164.46666666667	2048.37928757033	28.2319409593482	2.41646209317983e-07	0.000183167826663031	9.79507094454711e-07
188	122216	112023	108831	88041	120185	126456	68235	58625	122339	59507	74681	108482	121254	43002	67576	0	66719	79040	142087	121050	47521	0	0	79660	49384	0	72682	62660	101312	71213	73681.5	76492.7	40757.9777485129	27.4758959661725	3.09294135180304e-07	0.00023444495446667	1.24704763014186e-06
189	53136	49182	42561	45550	54252	45810	34049	17990	36598	17302	32400	47862	71654	19337	35266	21060	0	22206	56407	42444	14086	16911	17138	36917	0	17603	32104	25821	45290	29914	33224.5	32695	16948.0017355317	27.1753698348592	3.41609928500992e-07	0.000258940325803752	1.37005463388229e-06
190	12946	11562	12096	10299	8859	13148	20132	0	13082	0	7911	19248	25432	8711	8792	0	6511	0	10963	8285	0	0	0	20684	0	0	11281	6813	14307	8794	8793	8661.86666666667	7139.98045362597	27.1435791226731	3.45234835348653e-07	0.000261688005194279	1.3773052904962e-06
191	7612	7087	7029	7842	6219	7663	0	0	0	0	0	0	0	0	6962	0	0	0	7544	7423	0	0	0	6036	0	0	0	0	6381	0	0	2593.26666666667	3485.69121363061	27.05075450251	3.56057546221639e-07	0.000269891620036002	1.41304513107855e-06
192	82106	80702	80162	75574	80061	87935	68198	37979	76623	31665	72524	105445	134517	46866	79377	38054	33039	43324	87844	78995	24569	32109	31549	64363	24695	31330	57174	64086	68342	56404	66280.5	62520.3666666667	26374.4956473868	26.377552342032	4.4634554980519e-07	0.000338329926752334	1.76213503516841e-06
193	0	0	0	0	0	0	5889	0	0	0	6798	9327	11196	0	5526	0	0	0	0	0	0	0	0	10171	0	0	0	5319	0	8775	0	2100.03333333333	3714.88419537641	26.3433345093543	4.51548316077019e-07	0.00034227362358638	1.77343846417814e-06
194	4	6	2	0	0	0	0	4121	0	2519	0	0	0	0	0	1882	2193	4271	0	0	2993	2555	2872	0	0	0	0	0	0	0	0	780.6	1381.84084117702	26.1143162281745	4.88091966281346e-07	0.00036997371044126	1.90708098165598e-06
195	0	0	0	0	0	0	5665	0	0	0	9119	11266	10191	0	6414	0	0	0	0	0	0	0	0	0	0	0	6556	8329	0	4737	0	2075.9	3679.7617084581	26.0263789010379	5.02957138620772e-07	0.000381241511074545	1.95508467217715e-06
196	23735	17346	9350	16610	21655	22301	15207	0	14483	0	0	0	30526	11677	11199	0	0	0	25607	17407	0	0	0	6795	0	0	14025	19486	18664	13684	11438	10325.2333333333	9732.67037348181	25.9740983264525	5.12024714370222e-07	0.000388114733492628	1.98017721169708e-06
197	26257	24148	21612	24539	26897	26403	22289	10652	23495	9914	23999	35324	41122	16069	21323	11866	10135	13291	26575	25118	10586	0	9435	17827	0	9149	17905	19357	22529	17842	20340	18855.2666666667	9221.44622113014	25.7641823869123	5.50240225233088e-07	0.000417082090726681	2.11269742107912e-06
198	22014	20215	22547	22315	20906	23407	0	0	15142	0	0	5579	35139	9662	5743	0	0	0	25344	22250	0	0	0	19940	0	0	11096	0	17982	15983	7702.5	10508.8	10875.306259342	25.755604834026	5.5186555326341e-07	0.000418314089373665	2.11269742107912e-06
199	279380	244708	225786	210059	314248	278840	108466	0	0	0	104521	0	290830	132108	154467	0	0	0	281374	215980	0	0	0	0	0	0	208478	124200	240180	198691	116333	120410.533333333	118181.344552588	25.3824008043823	6.27826138774966e-07	0.000475892213191424	2.39141815674082e-06
200	7295	11010	9482	5668	9868	9894	3754	0	5010	11	4100	8412	9963	5012	2580	0	0	7	7563	4742	0	2	3	0	0	0	0	5275	5672	0	3927	3844.1	3921.26117423358	25.1701771794576	6.75970414796347e-07	0.000512385574415631	2.56192787207815e-06
201	0	0	0	0	0	0	0	5081	0	4956	0	0	0	0	0	7354	5430	5850	0	0	4903	5404	0	0	15915	9004	0	0	0	0	0	2129.9	3804.14863691262	24.9144565000457	7.39311597129723e-07	0.00056039819062433	2.78805069962353e-06
202	3920	4091	4109	3398	4127	4377	2729	0	3205	0	0	4004	5957	2684	0	0	0	0	4356	3559	0	0	0	3134	0	0	0	2169	3113	0	2426.5	1964.4	1976.21104903925	24.7964106777072	7.70676127359682e-07	0.000584172504538639	2.89194309177544e-06
203	22206	19412	17598	12031	18989	22109	0	0	0	0	0	15854	19262	8376	10382	0	0	0	22600	11718	0	0	0	8425	0	0	9386	9810	18206	9082	8753.5	8514.86666666667	8542.6148412788	24.4518037348773	8.70699280087126e-07	0.000659990054306042	3.2511825335273e-06
204	831	174	515	225	710	802	2966	0	549	32	2943	2903	0	230	2102	0	0	0	404	461	0	0	0	1388	0	0	2784	1872	666	2703	432.5	842	1064.8247386955	24.3209070710449	9.12272699590733e-07	0.000691502706289776	3.38971914847929e-06
205	80025	57842	52176	57974	73106	75292	39336	36016	63086	32645	37441	68578	85106	42022	35386	29145	34718	44434	78655	66342	26252	26719	28754	40142	27783	27036	37592	41612	66485	32475	40877	48139.1666666667	18718.92353979	23.5632128804337	1.19887667155068e-06	0.000908748517035413	4.4329195952947e-06
206	18997	22663	16208	15459	18230	22660	12539	0	12806	0	14580	20616	27137	11410	12773	0	18556	0	14208	16405	0	0	0	21743	0	0	7003	11366	17190	6806	12789.5	11311.8333333333	8670.10203210587	23.424216899317	1.26125648845897e-06	0.000956032418251899	4.64093406918398e-06
